-0.000442233
0.000750608
0.000255258
9.6692e-05
0.000141236
-0.000281258
0.000111026
-0.000713831
0.00090487
-0.000240316
0.000811659
-0.000239447
0.000331359
-0.000186209
0.000120544
-7.40861e-05
-0.000653242
9.08479e-05
0.00057476
-0.000252459
-0.000461099
-0.000116267
0.000532594
0.000407941
-0.000995543
0.000161821
-0.00054403
-0.000462371
-0.000328075
0.000490534
-0.000883352
-6.65279e-05
-0.000801
-0.000289268
0.00022392
0.00101538
0.000605723
0.00100852
-0.000609233
0.000369433
0.000685687
0.000454102
0.000917054
0.000163203
-8.83708e-05
0.000402876
0.000635939
-0.000537076
0.000673878
-0.000431435
0.000312559
0.000629291
0.000993588
-0.0011291
-0.000675771
-0.000691805
-0.000212069
-0.000514809
0.000400082
-0.00105236
-0.000844973
-0.00082193
-0.000809442
-8.52441e-05
-0.000124865
0.000156703
-0.00048616
0.000897769
-0.000444251
-0.000318626
-0.000592661
0.000210817
0.00128868
-0.000516946
0.000982685
-0.000623875
0.00073388
-4.57965e-05
-0.000276124
0.000655485
-0.000492346
-0.000105332
0.000201876
0.000976636
-0.000536863
0.000284602
-0.000870411
0.000460205
-0.000738156
-2.93881e-05
-0.000106623
0.00127664
0.000745169
6.93667e-05
0.000487891
-0.000571356
0.00024314
-0.000580218
0.000601049
-4.56836e-05
4.28426e-05
0.000808216
5.32801e-05
-0.000548926
-7.35771e-05
-0.000877959
0.000791567
-0.000334619
0.000606583
0.00107425
-0.000768442
0.000161461
0.000304297
-0.000712068
0.000713102
0.000132627
0.000835203
-0.000321348
0.000377513
0.000315769
8.4034e-05
0.000478863
0.001431
-0.000276513
-0.000295512
-0.00033818
-0.000149281
0.000266397
-9.01385e-05
-0.000392056
-0.000636271
-4.56495e-05
0.000159887
0.000144789
-0.000913626
-0.000666865
-0.000517292
0.000606118
0.000460984
-0.000461741
0.000505084
9.47157e-05
0.000387023
-0.00195539
0.000521379
0.000665524
0.000628702
9.03019e-05
0.000430821
0.00142453
-0.000673094
0.000522422
0.000772379
0.00032142
-0.000229813
-0.000196482
-8.47414e-05
0.000695606
-0.00130799
1.46518e-05
0.000295102
8.73661e-05
-0.00133726
0.00130732
0.000241749
0.000387812
-3.11297e-05
-0.000366162
4.10641e-05
0.000583229
-0.000129642
0.000238416
0.00127792
0.000218272
-0.000561889
0.000677938
-0.000158701
-7.95556e-05
0.00112254
0.000407327
5.29626e-05
0.000179009
0.000549251
0.00113551
-0.000235978
-0.000982259
0.000302617
-0.000749847
0.000573575
-0.000159623
-0.00144953
-0.000767146
0.000154307
0.000681959
-0.000554301
0.000265348
0.000191135
-0.000453288
0.00102995
0.0001169
-3.60043e-05
0.000191379
-0.000646467
-0.000558351
0.000285891
-0.000209628
5.96826e-05
0.000330694
-0.00026487
8.35392e-05
0.0010701
0.000736094
-0.000400727
0.000130336
-0.000145494
-0.000511308
0.000299901
0.000320542
-6.05012e-05
0.000266786
-0.000302076
-0.00051101
-0.000540794
0.000340212
-0.00016363
0.00013451
0.00090131
-0.00090849
-0.000752281
-0.000602626
-0.000507842
1.95057e-05
-0.00108542
-5.94948e-05
0.000616902
-0.000404763
0.000247966
-0.000771917
0.000452312
-8.9586e-05
-1.43199e-05
-0.00025026
-0.000501533
-0.000853614
0.000304027
0.00104263
-0.000504825
-0.000345763
-0.000725454
0.000883039
-0.000217063
-0.00100723
8.53188e-05
4.04049e-05
-2.10813e-05
-0.000492543
-2.33802e-05
0.000224496
-0.000217191
0.00121277
-0.000300416
-0.00106758
-0.00011863
0.00011852
0.000503398
0.000398816
-5.79833e-05
0.000531242
-0.000322353
0.000710385
0.000414466
0.000314044
0.000633022
0.0006293
0.000746503
0.000650304
-0.000530523
-5.51496e-05
-0.000256662
-0.000487593
-0.000147381
0.000183749
0.00012548
-0.000477321
0.000748892
0.000397476
-0.000841269
-0.000389358
-0.000358195
0.000506283
-0.000894887
0.000277709
0.000797093
-0.000500767
-0.0007826
0.000628662
0.000325631
0.000133176
0.0008646
0.00154104
0.000547312
0.000320155
0.00078854
0.000387254
0.000455903
0.000845806
-0.000338395
-0.000657019
-0.000206663
0.000541245
0.000571327
-0.0015135
-0.000198622
0.000181958
0.000985921
0.00068801
0.000363344
0.000262829
-0.000119136
-0.000817376
-0.000140237
-0.00118342
-0.000668813
0.000251759
0.000285464
0.000563711
0.000550803
0.000150979
0.000317467
0.000524071
-0.000390097
0.000282749
-0.000786383
-0.000621711
-0.000100522
0.000322497
-0.000472337
-7.42183e-05
0.000579985
0.00116239
-0.00110833
0.000136344
-0.00117074
0.000201695
0.000413044
-4.88598e-05
0.000974047
-0.000800884
0.000254272
0.00129537
0.000397253
0.00129714
0.000689073
-0.000931188
-0.00111036
-0.000627093
0.000798088
0.000597578
-0.000494869
-0.000302276
0.000863444
6.84326e-05
-0.00036855
0.000187152
-0.000482711
-0.000141331
-0.000312795
0.000338741
0.000446473
0.00163661
9.75237e-05
0.00064749
-0.00141099
0.000903773
-0.000472606
-0.000149097
0.000392166
-0.00110134
-0.000348567
-0.00112693
1.29842e-05
0.00091936
-0.000355178
-0.000779591
-0.00147493
-0.000212557
-0.000224219
0.000146845
0.000549718
-0.00039571
-0.000546954
-0.000127169
-0.00013934
-0.000353591
-6.70261e-05
0.000466658
-0.000294106
3.67396e-06
0.000148064
-0.000688925
-0.00033942
-5.73412e-05
-0.000483032
-0.000475262
-0.000163371
0.00115961
-0.000228647
-0.000579697
7.78773e-05
0.000101028
-0.00125652
6.40332e-06
0.000503183
-0.00069462
-0.000781064
0.000468726
0.00023853
3.41771e-06
0.000816473
-0.000442215
0.000853116
0.000378755
0.000143017
-0.000218909
0.000137557
0.000451022
-0.000465136
0.000311814
-0.000564085
0.00130325
0.000504189
0.00149522
0.00062279
-0.000524307
-0.000685517
-2.63798e-05
-0.0012393
-0.000310268
-0.000294094
-0.000207278
-0.00135922
-0.000299773
-0.000105949
-3.02669e-05
0.000885667
0.000887928
7.87777e-05
0.00129237
0.000608137
-0.000798981
-0.000426475
0.000831047
0.00022462
0.000460524
0.000392573
-0.000170445
-0.000307612
0.000285886
-0.000189728
-0.000686244
-8.43453e-05
1.11774e-05
4.51688e-05
-0.000772869
0.000993123
0.000389069
-0.000114513
0.000503637
7.14211e-05
0.000409109
-0.000918073
-0.000688502
0.00037902
-0.000780257
-0.000107559
-0.000239961
0.000545245
0.000457778
-0.000843451
-0.000322549
0.000680107
0.000144205
-0.000753001
0.000312809
5.27771e-05
-0.000271909
0.000539041
-0.000841635
-4.18502e-05
-0.000285241
-0.000103651
-0.00026399
-0.000707678
-9.71087e-05
0.000427101
0.00102334
-0.000379906
-0.000767236
0.000124992
0.000333802
-0.000723589
-0.000446195
-0.000329789
-0.00104225
0.000511198
0.00078893
-0.000954346
0.000700402
-0.000512901
0.00111925
-9.91029e-05
-0.00049444
-0.000801637
0.000729173
-0.000102192
-3.29127e-05
-0.00118779
0.000207036
-0.000381948
0.000392518
-0.00106477
-0.000271712
-0.000475679
0.00060466
0.000131815
0.000400991
0.000340143
-0.000433233
-0.000353753
-0.00107991
0.000411674
7.59127e-05
-0.000360373
0.000933563
-0.000697094
-0.00145573
-0.000213294
-0.000495149
-0.000676403
-0.000443331
6.29171e-05
0.000944442
0.000482878
-0.00100219
-0.000450449
-0.000406733
-0.000391516
-0.000201096
-0.000668847
0.00123634
-0.000565195
0.000582353
-0.000505613
-0.000973816
3.61071e-05
2.20176e-05
-0.000447703
-0.000255896
-6.9227e-05
0.000965559
-0.00129554
3.38708e-05
0.000429664
0.000383497
-0.000274638
0.000455938
0.000935053
0.000236452
0.00100979
0.000402041
0.000152711
-0.000230865
0.000424517
-0.000693932
-0.000191982
-9.62333e-08
0.000634618
-0.000636768
-0.000373869
0.000144499
0.000828397
-0.000195332
0.00106211
0.000306477
0.000927215
-0.000725904
0.000904239
-0.00027367
-0.00103892
-0.000521051
-0.000704492
0.000234027
-0.000416997
-0.000265002
0.0011855
-8.26129e-05
-0.000923488
0.00156102
-0.000317859
0.000522774
0.000900106
0.000253982
0.000194787
0.000789393
-0.00141869
0.000737574
0.000162418
-0.00156082
-0.000539338
-0.000141642
0.000568848
0.00056838
8.84724e-05
-0.00015276
-0.00101765
0.000202388
0.000607811
-0.00146883
-0.000454297
-0.000264475
0.00011739
6.96323e-05
0.000385226
0.000278036
-0.000817981
-5.36811e-06
-0.00120386
9.41344e-05
-1.77625e-05
0.000862135
0.000389747
-2.78374e-05
0.000336965
-0.0011065
0.000859626
0.000402844
0.000677438
0.000696508
-0.000562674
0.000454501
-0.000146498
-0.00147414
0.000363215
-0.000746405
-0.000284479
-0.000650855
0.000120707
0.000101147
5.09562e-05
-0.00118051
-0.000237912
0.000310898
-0.000447127
-8.88991e-05
-0.000535536
0.00106195
-0.000515442
0.00105147
0.000966307
0.000278581
0.000991767
-3.55306e-06
-0.00136001
-0.000339424
0.000281774
-0.000505988
-0.00125388
-0.000793473
-0.000497126
8.85604e-05
6.22464e-06
0.000203643
-0.000216342
-0.000770832
0.00048461
6.25907e-05
-0.000571932
0.000144792
0.00062428
3.90369e-05
-0.000745137
-0.00123197
-8.0215e-05
-0.00106675
0.000394505
-0.000386729
-0.000471431
0.000495782
0.000134888
-0.000626838
-0.000191812
0.000425569
0.000209296
-0.000139853
-0.00051507
-0.000536087
-0.000278698
0.000232454
0.000504607
9.34119e-05
-0.000823796
-0.00038888
0.000407944
-0.000618192
0.000217168
-0.000909559
-9.35497e-05
0.00116592
-0.000481066
-0.00109806
-0.000601369
-0.000216626
0.000384589
-0.000419952
-8.27098e-05
0.000798467
-0.000163882
-0.00046514
0.00129876
0.000498022
-0.000119598
-0.00116052
0.000727077
0.00145615
-0.00101267
0.000122652
0.00115459
-0.000656859
2.06942e-06
-0.000865029
0.000946155
-7.67684e-05
0.000582113
-0.000273798
0.000763915
0.000253976
-0.000717638
-0.000394622
-0.000191435
0.00028848
1.80575e-06
-2.32577e-05
-0.00065119
-0.000133597
0.000533583
0.00032448
-0.000753878
-8.45842e-05
-0.000629056
0.000964148
-0.000137926
-0.000132944
-0.000107079
-0.000960235
-0.00202442
-0.00106214
-0.000615573
-0.000510318
-0.000138765
0.00078975
0.000220756
-0.00047524
0.000988158
-0.000194919
-0.000312836
0.000441568
-0.000662397
-0.00065963
-0.000104073
-0.000320719
-0.000603036
-0.000114438
-9.12616e-05
0.000958697
-0.000476788
0.000337742
-0.00102501
-0.000228757
3.6298e-05
0.000108347
0.0003113
-0.00093265
0.000358034
0.000306819
0.00072917
0.000307798
-3.74593e-05
-0.000370936
-0.000472039
-0.000165896
3.59834e-05
-0.000783413
0.000201504
-0.00031166
-0.000364177
-0.000467941
0.000369055
0.000613916
-0.000568608
0.000717804
-1.78547e-05
6.29013e-05
-0.000702801
5.73321e-05
0.000873429
0.000214491
-0.000367707
-0.000206323
0.000913533
-2.28842e-05
0.000749803
-0.000237404
-0.000184141
-0.000763619
-0.000385146
0.000282484
0.00130612
1.02914e-05
-0.00039082
-0.00135204
-3.1951e-05
0.00155121
0.000235364
0.000716099
-0.000983616
-9.96448e-05
-0.000114879
-0.000387132
5.58012e-05
-5.7777e-05
-0.00115916
-9.38676e-05
-0.00025793
0.000939092
0.00112567
-0.000866305
1.14907e-05
0.000204448
0.000348141
7.07319e-05
0.00109082
-0.000239434
-1.13939e-06
0.00119114
-0.000424237
0.000594863
0.000638224
-0.000671101
0.000293201
5.70463e-06
0.000756737
-0.000133273
0.00104381
-0.000663205
0.000116616
0.000637762
0.000114483
-0.000376083
8.9072e-05
0.000651387
0.000456021
-0.000811116
0.000665473
-0.000242288
-0.000626302
0.00105658
-0.00128
-0.000304997
-0.00141946
0.00053739
-0.000606121
-0.000500141
-0.000513027
0.000430106
-0.000580846
0.000422021
-0.000313419
0.000669207
0.00025117
-0.000611135
-0.000617205
-7.32933e-05
6.92327e-05
-0.00060216
-0.000171112
-0.000519142
0.000584063
0.000556603
3.62275e-05
-0.000208974
0.000546347
0.00034616
-0.000376378
-0.000430577
0.000199214
-0.000567342
-0.000388671
-0.000521759
0.00102216
-0.000275822
6.37286e-05
-0.000303015
-0.00114776
-0.000136863
-0.000781662
-0.000791244
-0.000154922
-4.79647e-06
0.000592691
-7.4791e-05
-0.000143326
-0.000743491
-0.000969971
0.000122138
-0.000502392
9.82299e-05
0.000481006
0.000582312
0.000137985
-0.000878744
-0.000207486
-8.48093e-05
9.27785e-05
0.000691553
0.00121436
-0.000345865
0.000298275
-0.00114112
-0.00114883
0.000371884
-0.000530977
-0.00014717
0.000706417
0.000616493
-0.000128574
0.000364614
0.000845339
0.000257829
0.000320817
0.000495844
0.0015559
-0.000672722
-0.0010383
-0.000187128
0.000713016
0.000607657
-0.00142989
-0.000523081
-0.000233358
-0.000411695
3.62348e-05
-0.000520289
0.000102259
0.000690434
2.36064e-05
0.000298977
-0.000432221
0.000729378
0.000808467
-0.000609479
0.000318585
-0.000283519
-0.000162404
-2.86233e-05
-0.000530315
-0.000366125
-0.000200845
-0.00053817
0.000853564
0.000986658
-0.000163208
-0.000356587
0.00109969
9.63297e-05
0.000138851
0.000411985
-0.000286479
0.000118177
-0.000515585
-0.000881208
5.75046e-05
0.000120251
-0.000950529
0.000306586
-0.000255593
-0.000683311
5.9432e-05
-0.000486162
-0.00115962
0.00023173
0.000808131
0.000900331
0.000366633
0.000204961
0.0005007
-0.000953256
0.00118794
-0.000255979
-0.000828185
0.00055585
0.000135831
-0.000655866
5.9981e-05
0.000426869
-0.000556006
-0.00100504
-0.000682509
0.000352082
0.000488829
-0.00107021
0.00085822
-0.000211727
-0.000465046
-0.000338412
0.000266709
-0.00024774
0.000197687
-3.03984e-05
-0.000728505
-4.20844e-05
-0.000241581
0.000187235
0.00076395
1.0178e-05
-0.000582224
-0.000244337
0.00078765
6.32855e-06
-6.19462e-05
0.000600539
-0.000247676
0.00102376
0.000504805
0.000985547
0.00078734
-0.000547012
-0.0006055
-0.000639079
-0.0004487
0.00106368
-0.000434645
0.000628162
1.13567e-05
0.000502951
-0.00126906
0.000311826
0.000663279
-0.000118665
-3.29875e-05
-0.000342406
-0.000840722
-0.000474873
0.000859874
-0.000659953
-0.00113653
0.00159788
0.000752608
-0.000394589
-0.000158075
-5.1739e-05
-0.000290282
0.00026689
2.05215e-06
0.000289474
0.000895975
0.000368822
-0.000352264
5.73832e-05
0.000789379
0.000249251
0.000168037
0.000781885
-0.000107722
-0.000893027
-0.000965277
0.000859586
-0.00072249
0.00036568
-0.000115205
0.000117853
0.000770202
-0.000519192
-9.46711e-05
-2.07529e-05
0.000203073
-0.00048212
-7.54365e-05
-2.37328e-05
-7.9617e-06
0.000559414
0.000374384
-0.000323817
-0.00119729
-0.00120376
0.000367456
-3.80215e-05
-0.000791875
0.000728783
-0.000256911
0.000349077
0.000723979
9.26844e-06
-0.000544441
0.00013126
-0.000444528
0.000687444
9.31073e-05
0.000824363
-0.000481943
-0.000956919
-0.000112639
-0.000253712
-0.000777382
-2.29562e-05
0.000112209
-0.000264583
-0.000402417
-0.000295301
0.000280632
0.000302803
0.00139409
-6.40835e-05
0.000297295
-0.000792651
3.87859e-05
0.000520014
4.2773e-05
-0.000516525
8.39054e-05
0.000237386
0.000509134
-0.000701824
-0.000532693
-0.000142895
0.000344261
-0.000193616
-0.00101513
-0.000523686
0.00058294
-0.000175937
0.000348446
0.000138324
-0.000800453
0.000278479
0.00151504
-0.000898874
0.000270052
-0.000227761
0.00160406
-0.00145852
-0.000666495
0.000567896
0.000938029
-0.000549041
0.000831152
0.000512038
0.000813261
0.000972078
0.000483812
0.000392109
4.35615e-05
-0.00132399
-0.000477594
-0.000575953
0.000521765
0.000182241
-0.0004182
0.000205314
-0.000898919
6.46177e-05
-0.000224991
-0.000588898
-0.000682506
-0.000273162
0.000233341
0.000129003
0.000965484
0.00073921
-0.000388393
0.000389108
-0.000688075
0.000490701
0.000151499
0.000372879
-2.93503e-05
4.2422e-05
0.000366256
-0.000816039
-0.000386665
-0.0003951
-0.000435744
2.35806e-05
0.000548296
-0.000801038
-0.00083933
0.00116934
0.000728026
0.000391789
0.00073287
-0.000550388
-0.000310627
-0.00101481
0.00120786
0.000271162
-8.63215e-05
0.000391347
0.000107799
0.00022176
0.000737402
-7.0141e-05
-0.0003536
0.000652866
0.000381743
-0.000308985
0.000455723
-0.000440394
-0.000912585
1.07974e-05
0.000313106
0.000417578
-0.000278589
-0.00121945
0.000151314
-0.000466471
0.000179161
0.000268167
-9.79444e-05
-7.53862e-05
-0.000718674
0.000192862
-0.00015778
-0.000196397
0.000858698
0.0009082
0.000930178
-0.000703363
0.000653314
-0.000129478
0.000110394
0.00102384
-4.62341e-05
0.000940464
8.83795e-05
-0.000365619
0.000428669
0.0010941
0.000313508
-0.000277225
0.000185942
-0.00166664
0.00144082
-0.00072846
-0.000318967
0.00106563
3.36484e-05
-0.000518405
-5.76955e-05
-7.78184e-05
-0.00026663
0.000602789
0.000536721
0.000186016
0.000218571
0.000680813
0.000630974
0.000650097
0.000542151
-0.0003696
0.000743141
-0.00016721
0.000958842
-0.000602174
-0.000693784
0.000607949
0.00112023
9.69478e-05
0.00106975
-0.000134364
0.000977761
0.000100802
0.000267618
0.000530205
0.00045095
-7.41817e-05
-0.000990279
-0.000764929
0.000482433
-0.000123878
0.000574359
-0.000458931
0.00157548
-0.000172982
0.000240362
0.00023056
1.3294e-05
0.000549546
0.000521352
0.000298276
-0.000841309
-0.000437055
-6.18761e-05
0.000181857
0.000851982
0.00117964
0.00070027
-0.000280692
-0.000100586
-0.000698561
0.000558902
0.000360569
0.000683787
-0.000583893
-0.000657946
0.000779177
0.00132371
-0.000302836
-0.000353865
-0.000107162
0.000566344
-3.24363e-05
-9.90138e-05
-0.000338219
0.00044435
0.000384431
8.81726e-05
-0.000392738
0.000131499
-0.000659959
0.000338031
0.00086424
-0.000805864
-0.00124554
0.000379154
0.00111192
-0.00100347
0.000111742
-0.000632339
-0.000943269
-0.000598196
-0.000983967
0.000421956
0.000983316
-0.000381673
0.000103362
-0.000200604
-0.000467852
-0.00036225
0.000633196
4.00352e-05
8.66511e-05
-0.000416625
-7.89249e-05
-9.79492e-05
0.000389833
0.000839349
0.000144803
-0.00100203
0.000688782
0.000671317
-0.000843682
0.000779248
0.000852848
0.000292492
6.51352e-05
-0.000518656
0.000846244
0.00125308
0.000423029
-0.00027824
-0.000193146
5.36175e-05
-0.00021907
-0.000164602
0.000585501
-0.000198782
-0.000376076
0.000404779
0.000531257
0.00044223
-0.000301155
-0.0004938
-7.60926e-05
0.000278718
-0.000343561
0.000433064
0.00138696
-0.000426782
-0.000561015
-0.000268609
0.000326925
-0.000237968
-0.000454392
-0.00114402
0.000813401
3.67544e-05
0.00014269
0.000770263
-0.000340486
-0.000343874
0.000434406
0.00078192
0.000458199
0.000573015
0.000934515
0.000509732
0.000645663
0.000408429
-0.000137542
0.00115851
-0.000831135
0.000487615
-0.00122157
-0.00044534
0.000383665
0.000673509
0.00116226
-0.00116291
-0.000408947
0.00084353
4.45381e-05
-0.000754583
-0.000689376
-0.000414868
-0.000197745
0.00123656
0.000222233
-0.000609217
0.000326485
0.00136169
-5.84294e-05
-0.000162712
0.000275734
0.00103335
0.000449122
-5.77541e-05
-1.50383e-05
5.21266e-05
-0.00109585
0.000657826
6.08198e-06
-0.000356434
-0.000228997
-0.00095108
0.00111209
5.45572e-05
0.000855997
0.000606547
-3.12649e-05
-0.00184761
-0.000541803
-0.00150284
0.000678092
0.000309478
0.000337683
-0.000997266
0.000293716
-5.57693e-05
0.00134827
0.000961904
0.000232621
-0.00108388
-0.000472935
-0.000377925
0.000803059
0.000381346
-0.00123098
-0.000464853
0.000724158
0.000310938
-0.000904227
0.000655225
-0.000331034
-0.00129743
-0.000623775
-0.000271467
0.000934169
-0.000287184
-0.000509111
-0.000644573
3.72001e-05
-0.000309081
-0.00164941
0.000420568
0.000585907
-0.000408387
-0.000182679
0.000313458
-0.000734158
-6.9604e-05
-0.00106866
0.00151253
-0.000153997
0.000419503
0.000156509
-0.000803462
0.000335668
-0.000464164
-0.000475936
-0.000375675
0.0013019
-3.87278e-05
0.00109105
-0.00156708
0.00163763
0.000910905
0.0002815
7.80717e-05
-0.000608349
-0.00033894
-0.000315976
-5.44058e-05
-0.000380492
-0.000169637
-0.000244292
0.000128237
0.00161393
-0.000589216
0.000118537
0.000827407
-0.000694193
0.000942775
-0.00101759
0.000639357
-0.000343125
0.00148379
-0.000125925
0.0004125
0.00103011
-0.00014695
-0.00012079
0.00101988
-0.00078937
-0.0015619
-0.000678785
0.000911021
-0.000419023
-0.000557413
-0.000631374
0.00033845
0.000651925
-0.000849503
-0.000772563
-0.000329175
-0.000525609
-3.42102e-05
0.000718551
-0.00016546
3.01589e-05
0.00103409
0.000174138
5.66759e-05
-8.42236e-05
-0.000785931
0.000807543
0.00100474
-0.00070452
-0.000255385
-0.000245083
-0.000342311
1.86662e-05
0.000459592
-0.000537969
0.000455708
-0.000995032
-0.000667863
-9.99968e-05
0.00085435
-0.000368077
0.000336388
0.000661648
-0.000829732
-0.000652883
-0.000614813
0.000613177
0.00024577
0.000278959
0.000297038
-0.000208692
-0.000221477
-0.000199363
-2.5226e-05
0.000843499
0.000253845
-0.000795426
-7.56976e-05
0.000977458
0.000442507
-0.000685377
-0.000224749
0.000768482
0.000415347
-0.000509673
0.000632586
-0.00032301
0.00134663
0.000607166
0.000898941
0.000435888
0.000159628
5.7496e-05
-0.000413335
0.000318206
-0.000484817
-0.000121035
0.000292458
-9.20402e-05
-0.000719605
0.00026864
-0.000609069
-0.000268865
-0.000429243
-0.000684791
0.000370743
-0.000878449
0.000233
-0.000433
0.000228635
0.000163928
0.000879933
0.000173832
0.000552647
0.000786257
-0.000540693
0.000108426
-9.57645e-05
-5.23974e-05
-0.000797035
0.000270224
-0.00021505
0.000300229
0.00109589
0.000348909
-9.48529e-05
0.0010813
0.00032146
0.00022043
0.000566266
-0.000330992
0.0010397
0.000565164
-1.0095e-05
0.000710514
-7.12648e-06
5.56478e-05
-0.000590553
0.000919126
0.00103313
-0.000247076
0.000471416
-0.000558363
0.000246307
-0.000422958
0.000145087
0.000379077
-0.000986879
0.000512294
-0.000427147
0.00102627
0.00116855
-8.93018e-05
8.16077e-05
-0.00101294
0.000409007
0.00101719
0.000725374
0.000402521
0.000214244
0.000851056
-0.0014809
0.00162406
0.000412115
0.000795355
-0.000764297
0.00073521
0.000180665
0.000531828
0.00109683
-0.000375589
0.000624924
0.000371084
5.55641e-05
-0.000737295
-0.000685381
0.000697192
0.000266215
0.000421001
1.13913e-05
0.00114405
0.000231132
0.000402671
-0.000588291
0.000286677
-0.000776111
-0.000932178
0.00113002
7.81958e-05
0.000583358
0.000277716
-0.000607207
4.42508e-05
0.00041277
-0.00148521
-0.000369148
-0.000270183
0.000567259
-0.000848048
0.000270537
0.000377316
0.000224591
-7.23288e-05
-0.00181851
-0.000999078
0.000955143
0.000130956
-0.00023793
0.000574197
-0.000779599
0.000563406
0.000261571
0.00143788
-0.000715716
0.000453545
-0.000766275
-0.00173529
0.000467895
-0.000683237
0.00081995
0.000162288
0.000445297
0.000106677
-0.000120776
0.000330026
0.000409228
-0.000669563
0.000221989
0.000867548
0.000425412
0.000494006
-0.000764973
0.000384493
0.000236709
-0.000563434
4.58937e-05
-0.000752725
0.000190313
0.000299579
0.000313939
-4.87926e-05
-0.000515005
-0.000527759
-0.000763244
0.000609399
-0.000858496
0.000887953
0.000196149
-0.00143353
0.00124444
-7.54661e-05
0.000299319
0.000508939
-0.000949809
-0.000559963
0.000787125
6.95663e-05
9.76085e-05
0.00175511
-0.00188014
-0.000708568
0.000488998
-0.000545343
0.000302408
0.000872694
-0.000829323
-0.000423414
-9.06885e-05
0.000444761
-0.00123827
0.000284078
0.000525405
-0.000612348
0.000839996
-0.000424281
-0.000118279
-0.000455128
-8.2358e-05
-0.000201
0.000445841
-2.53935e-05
0.000351777
-0.000911559
0.000328096
0.000876235
0.00059955
-3.12508e-05
-0.000670153
-0.000344871
-0.000581915
-0.000386001
-0.000640003
-0.00121165
-0.000347848
-7.59919e-05
0.0016508
-0.000383471
9.41104e-05
-0.000118287
-0.000458611
0.000858519
-0.00110382
0.00039762
-0.000153889
0.000475717
-0.000951136
0.00161275
0.000582962
-0.00203376
0.000936027
0.000846656
-0.00107802
-0.00110998
0.000243558
0.000576316
-0.000632295
2.60528e-05
5.45312e-05
0.000183519
2.65661e-05
-0.000418188
-0.00068926
-0.00115882
0.000730578
-0.00168696
6.53349e-05
0.000166526
-0.00108653
0.00019314
-7.25684e-05
0.000141497
0.000222276
0.000564804
0.000847147
0.00207765
0.000315004
-0.000820113
-0.0012846
0.000863469
-0.000100903
0.00038648
0.000109534
-0.000299373
0.000705468
-0.000382407
-0.000404986
0.000407422
0.000254993
0.000451622
0.00088479
-0.000112017
-0.000393991
0.000771339
-0.00181268
0.000244959
7.12594e-05
0.00137991
0.000201001
0.00115781
0.000803132
0.000416245
-0.000507667
-0.000242757
0.00023544
0.000377353
-0.00106796
0.000581972
-0.000239533
-0.000138086
0.000619166
0.000167305
0.000915339
0.000313525
0.00108279
-0.000642771
0.000553778
-0.000836833
5.49979e-05
0.00104544
0.000797654
0.00030764
0.000451366
0.00115132
0.000259191
0.000506135
0.000129196
0.000394557
0.000682329
0.000116994
-0.000280783
-0.000231744
0.00081858
-0.000969833
-0.00109161
-0.000126205
0.000200631
-0.000116806
1.68857e-05
0.000144428
0.000416517
0.000106187
-0.000196352
0.000267606
0.000279055
0.000547091
7.86985e-05
0.00157717
-0.000194496
0.000131364
-0.000156314
0.000441922
-0.000601486
0.000224795
0.000226301
5.67008e-05
0.00082094
-0.000223294
-0.000700114
0.000316482
-0.000473245
-0.000223524
-0.00035382
0.000492407
0.000822628
-0.000528789
-0.00116865
-0.000174092
-0.000896817
-0.000588464
0.00100858
-2.64882e-05
0.000255961
0.00102128
-0.000402478
0.000500193
0.000710041
0.000886448
0.000317755
0.000627694
0.000526096
0.000150965
0.00181805
0.000219169
0.0003359
-0.000136641
0.000435926
6.30295e-05
-0.000581112
-0.000395043
-0.000789533
0.00121106
0.000145195
0.0006711
-0.000347996
-0.00116279
-0.000370366
0.000750076
0.000352418
-0.000377647
0.000758364
-0.000187164
0.000232939
-0.000186078
0.000448619
0.000561603
0.000673647
0.000750814
-0.000143197
-0.00034203
0.00110966
0.00011514
-0.000423388
-0.000117345
-0.000602128
-0.00068575
-0.000900587
-0.000695135
0.000562353
-0.000653897
0.00117738
2.014e-05
-2.09304e-05
0.000415021
0.000243644
0.000413204
0.000434957
9.03547e-05
-1.85418e-05
0.000456499
0.000399926
0.000145836
0.00026167
0.000734763
