0.00637072
0.00281583
0.00262367
0.00102434
0.00408706
0.000947016
0.00430831
-0.00550826
0.00114088
-0.000709292
-0.00138125
-0.00379775
-0.00279883
0.00254239
-0.00342184
0.00101637
-0.00299319
0.0057589
0.00324285
-0.00135082
-0.00104777
-0.00703973
-0.000321612
-0.00294177
0.00101005
-0.00393522
0.00284514
0.00162603
0.00723428
-0.00172953
0.00315841
-0.011739
0.00475308
0.00352069
0.00228888
0.000920629
-0.0022168
0.00380655
-0.00137087
0.00238653
0.000614168
-0.00197937
-0.00147103
-0.0032839
-0.00342373
-0.00329846
0.0078411
-0.000424277
-0.00703506
-0.00508534
-0.000979763
-0.00621987
-0.00589107
-0.00817336
0.00204357
-0.00653797
0.00535878
0.00658149
0.00649313
0.00667952
-0.00607217
0.000712679
-0.00778974
-0.000970037
-0.00368676
0.00516121
-0.00215741
-0.0013678
-0.00187518
0.00124841
-0.00562838
-0.00241859
0.0067261
-0.00373589
0.00942321
0.000591174
0.00309501
-0.000728212
0.00507226
0.00063603
0.000124688
0.00579842
0.000918533
-0.00488186
-0.00588492
-0.00161586
0.00347193
-2.84091e-05
-0.00392997
0.00388659
0.000222595
0.00521715
0.00504905
0.00437582
-0.00890971
-0.00315623
0.0028007
-0.00908009
0.00234582
-0.00145496
-0.0015278
0.000146339
0.004941
-0.00210243
-0.00599313
0.00625783
-0.00179714
0.00360265
0.00174372
-0.00698648
0.00597322
0.00788864
0.0038926
-0.00122907
0.00142392
-0.00115171
-0.00307972
0.00154359
-0.00170602
-0.00211841
0.000647672
0.00393861
0.000603063
-0.00121449
-0.00288027
-0.00462991
0.00616803
-0.00140864
0.00293425
-0.0017019
-0.00464355
-0.0024993
0.00182195
-0.00297779
-0.00474784
-0.00298102
0.000611341
-0.0067153
0.00420615
0.000953004
0.00351304
0.00159849
0.00734689
-0.00429994
-0.00322282
0.0043081
-0.00189272
-0.00198053
-0.00179785
-0.00360776
0.00177164
-0.00114318
-0.00184511
0.00178807
-0.000355774
0.00229159
0.00316001
0.00160224
-0.000333356
0.00794902
-0.00149761
3.88678e-06
-0.00606132
0.00347248
0.0030501
0.000319021
-0.00157376
-0.00170945
5.05725e-05
0.00437708
0.000514447
0.00033058
0.00305314
-0.00884802
0.00203411
-0.00537331
-0.00756893
0.00331306
0.00389612
-0.00123219
-0.00250031
0.00599169
-0.00619313
0.00142826
0.000734062
0.00400452
0.00107277
-0.006988
0.00376546
-0.00438267
-0.000343654
0.00172422
-0.00409167
0.00129497
-0.00497407
0.000223201
-0.00448957
-0.00257286
-0.000656539
0.00523917
-0.00259284
-0.0030337
0.00259771
0.00650695
-0.00433071
0.00474578
-0.0012816
0.00283171
0.00251196
-0.00106734
-0.00304435
-0.00173285
0.0073203
-0.0062625
0.00200882
-0.00556308
0.00109829
-0.00351138
-0.00131934
0.00823851
0.0044683
-0.0001263
0.000617637
-0.00499463
-0.00178608
0.00207
0.00621467
2.11272e-05
-0.00602
0.000343255
-0.000959132
-0.00485815
0.00272387
-0.00269961
-0.001228
0.00868938
0.00388929
0.00253369
-0.000930214
0.000223372
-0.00404749
0.00195088
0.00597606
0.00269212
0.00167422
0.000913997
-0.00493814
0.00459665
0.00071148
-0.000920665
0.00642057
0.000888224
0.00320531
0.00338604
0.00198247
0.00187153
-0.00154344
-0.000203135
0.0053831
0.00339224
0.00206115
0.00129426
-0.0051283
-0.000239214
-0.000953092
0.00125985
0.00214026
-0.00795588
-0.00993825
0.000654666
0.00368155
0.00163348
-0.00194296
-0.000906032
0.00709108
0.00150237
0.00109809
0.00877429
0.00222258
0.000452527
0.00530896
-0.00132056
-0.00122931
0.00130286
0.0021028
0.000813553
-0.00327394
0.00392452
0.000492082
0.00517897
-0.00180733
0.00317567
-0.00270893
0.00534454
0.00555564
0.008242
-0.00078075
0.00388667
-0.00197969
0.0090016
