-0.000440907
0.000749665
0.000255224
9.73178e-05
0.000140365
-0.000281055
0.000111497
-0.000715485
0.000905614
-0.000239418
0.000811938
-0.000240121
0.000331664
-0.000186246
0.000121379
-7.46199e-05
-0.00065193
9.1839e-05
0.000575077
-0.000251854
-0.000461335
-0.000116501
0.000532736
0.000408099
-0.00099642
0.000162211
-0.000544201
-0.000462633
-0.000328341
0.000491277
-0.000882819
-6.66729e-05
-0.000801266
-0.000289773
0.000223905
0.00101614
0.00060403
0.00100875
-0.000608559
0.000370056
0.000685509
0.000453082
0.000917156
0.000161902
-8.74573e-05
0.000402086
0.00063535
-0.000536043
0.000674021
-0.000432265
0.000312474
0.000629289
0.000993549
-0.00112903
-0.000676678
-0.000692195
-0.0002117
-0.000515017
0.000399648
-0.00105416
-0.000844834
-0.000821608
-0.000808422
-8.47874e-05
-0.000124746
0.000157175
-0.000486962
0.00089781
-0.000443771
-0.00031867
-0.000592752
0.000210546
0.00128768
-0.000517066
0.000983184
-0.000623899
0.000734005
-4.62342e-05
-0.000276359
0.000655784
-0.000492144
-0.000105278
0.000201236
0.000977341
-0.000536443
0.000284967
-0.000870867
0.000460139
-0.000738246
-2.83931e-05
-0.000106658
0.00127633
0.000745412
6.93377e-05
0.00048831
-0.000570709
0.000242948
-0.000580785
0.000601497
-4.62717e-05
4.27457e-05
0.000808953
5.25239e-05
-0.000548743
-7.35506e-05
-0.000877913
0.000790887
-0.000334759
0.000607733
0.00107452
-0.00076897
0.000161321
0.000303591
-0.00071167
0.000712697
0.00013305
0.000835009
-0.00032129
0.000377765
0.00031536
8.38287e-05
0.000479644
0.00143183
-0.000276067
-0.000293962
-0.000337985
-0.000150754
0.000265961
-9.03286e-05
-0.000392993
-0.000635777
-4.54106e-05
0.000158703
0.000144439
-0.000914089
-0.000666097
-0.000516566
0.000605534
0.000461127
-0.000462607
0.000505678
9.41604e-05
0.000387341
-0.00195502
0.000520342
0.000664669
0.00062977
8.99385e-05
0.000431359
0.00142495
-0.000672769
0.00052312
0.000773847
0.000321655
-0.000229727
-0.000196318
-8.42359e-05
0.000695612
-0.00130759
1.41605e-05
0.000295041
8.7121e-05
-0.00133745
0.00130758
0.000241345
0.000388769
-3.07888e-05
-0.000366621
4.02216e-05
0.000583503
-0.00012963
0.000239297
0.00127807
0.000218374
-0.000562846
0.000679202
-0.000160146
-7.90757e-05
0.00112339
0.000407402
5.27204e-05
0.000180155
0.000548351
0.00113357
-0.000236649
-0.000981688
0.000302335
-0.000749112
0.000573844
-0.000159775
-0.00144935
-0.000766788
0.000154867
0.000682453
-0.000554469
0.000266153
0.000190821
-0.000453928
0.00102914
0.000116121
-3.67074e-05
0.000191455
-0.000644417
-0.000558523
0.000286902
-0.000208875
6.04107e-05
0.000330572
-0.000264551
8.40763e-05
0.00106987
0.000736291
-0.000400973
0.000130946
-0.000145161
-0.000510992
0.000300263
0.000320106
-6.11433e-05
0.000266891
-0.000302368
-0.000512089
-0.000541084
0.000340246
-0.000163824
0.000134189
0.000901292
-0.000909031
-0.00075176
-0.00060234
-0.00050861
1.87049e-05
-0.00108542
-5.97025e-05
0.000616794
-0.000404524
0.000248233
-0.000771482
0.000452544
-8.88279e-05
-1.38519e-05
-0.000250669
-0.000501213
-0.000854224
0.000304239
0.00104251
-0.00050467
-0.000345182
-0.000725509
0.000883462
-0.000217613
-0.00100729
8.43855e-05
3.99779e-05
-2.03907e-05
-0.000493163
-2.3497e-05
0.000224296
-0.000217644
0.00121291
-0.00030074
-0.0010676
-0.000117707
0.000119635
0.000505225
0.000398168
-5.69522e-05
0.000531492
-0.000322311
0.000710012
0.000414763
0.000314349
0.000632857
0.000629873
0.00074647
0.000649793
-0.000531271
-5.56414e-05
-0.00025639
-0.000488049
-0.000148326
0.000183994
0.000124859
-0.000477276
0.000748902
0.00039787
-0.000841948
-0.000389089
-0.000358934
0.000505434
-0.000895303
0.000277774
0.000796893
-0.000499976
-0.000782019
0.000628999
0.000326356
0.000134049
0.000864096
0.00154126
0.00054785
0.000319574
0.000787357
0.000387201
0.000456194
0.000846464
-0.000337244
-0.000657301
-0.000207018
0.000540786
0.000571957
-0.00151372
-0.000198489
0.000181421
0.000985991
0.00068777
0.000363688
0.000261697
-0.000118557
-0.000816707
-0.000140101
-0.00118397
-0.000667607
0.000250715
0.000284494
0.000563129
0.000551143
0.000150618
0.000317619
0.000524146
-0.000391138
0.000281832
-0.000785857
-0.000622019
-0.000100161
0.00032238
-0.000471072
-7.42264e-05
0.000578829
0.00116173
-0.00110915
0.000136186
-0.00117052
0.000201477
0.00041281
-4.93133e-05
0.00097479
-0.00079919
0.000254332
0.00129572
0.00039662
0.00129777
0.000689562
-0.000930452
-0.00111118
-0.000627707
0.000797671
0.000597995
-0.000495198
-0.000302291
0.000863842
6.8602e-05
-0.0003682
0.000187448
-0.000482817
-0.000140951
-0.00031345
0.000339197
0.000447476
0.00163786
9.86276e-05
0.000647355
-0.00141128
0.000904756
-0.000472681
-0.000148967
0.000391067
-0.00110131
-0.000348937
-0.00112631
1.22351e-05
0.000919638
-0.000355354
-0.00078015
-0.00147464
-0.000211882
-0.00022411
0.000146649
0.000549897
-0.000395044
-0.000547484
-0.000126932
-0.000138512
-0.000353263
-6.66427e-05
0.000466882
-0.000292478
3.51349e-06
0.000148043
-0.000689357
-0.000339017
-5.73258e-05
-0.000482396
-0.000475173
-0.000164092
0.00115906
-0.000227317
-0.000581358
7.81342e-05
0.000100295
-0.00125577
5.82831e-06
0.000502934
-0.000695384
-0.000780887
0.000468426
0.000236759
3.30748e-06
0.000815812
-0.000443442
0.00085352
0.000378559
0.000142946
-0.000218611
0.000138647
0.000451457
-0.000465378
0.000310668
-0.000564953
0.00130346
0.000505431
0.00149479
0.000622542
-0.000523858
-0.000685251
-2.66154e-05
-0.00123872
-0.000309207
-0.00029379
-0.000207296
-0.00135858
-0.000299708
-0.000105776
-3.04253e-05
0.00088631
0.000889052
7.89916e-05
0.00129282
0.000608462
-0.000799171
-0.000426059
0.00083069
0.000225374
0.000461158
0.000392943
-0.000170573
-0.000307568
0.000286066
-0.000189032
-0.000686698
-8.47383e-05
1.24241e-05
4.59915e-05
-0.000772481
0.000993486
0.000388964
-0.000114209
0.000504442
7.12352e-05
0.000409245
-0.000918607
-0.000688588
0.000379601
-0.000780378
-0.000107214
-0.000239231
0.000544708
0.000457412
-0.000843181
-0.000322211
0.000680257
0.000143582
-0.000752834
0.000312713
5.24284e-05
-0.000272125
0.000538432
-0.00084035
-4.1551e-05
-0.000285646
-0.00010332
-0.000264571
-0.00070763
-9.67907e-05
0.000426886
0.00102353
-0.000380016
-0.000768152
0.00012515
0.000332672
-0.000722478
-0.000445888
-0.000329099
-0.00104156
0.000511363
0.000789295
-0.000954425
0.000700556
-0.000513251
0.0011187
-9.98587e-05
-0.000494955
-0.000801381
0.000729159
-0.000102042
-3.26059e-05
-0.00118796
0.000207534
-0.000382624
0.000391628
-0.00106475
-0.000272192
-0.00047607
0.000605299
0.000130473
0.000401185
0.000338911
-0.000434659
-0.000355184
-0.00107981
0.000412063
7.7252e-05
-0.000360395
0.000933848
-0.000697965
-0.00145594
-0.000213031
-0.000495302
-0.000676621
-0.000442913
6.32914e-05
0.000944384
0.000481203
-0.00100227
-0.000450145
-0.000406819
-0.000392042
-0.000201446
-0.000669602
0.0012361
-0.000565194
0.000581199
-0.000505769
-0.000973088
3.50346e-05
2.23082e-05
-0.00044887
-0.000254563
-6.84726e-05
0.000965463
-0.00129639
3.33003e-05
0.000429686
0.000383991
-0.000274907
0.000457061
0.000934545
0.000236387
0.00100867
0.000401946
0.000152776
-0.00023131
0.000425414
-0.000694121
-0.000191095
-1.06169e-06
0.000634887
-0.000637077
-0.000373236
0.00014441
0.000828051
-0.000195332
0.00106098
0.000307625
0.000927726
-0.00072612
0.000904482
-0.000272835
-0.00103876
-0.000521623
-0.000704759
0.000233898
-0.000416357
-0.000265185
0.00118535
-8.29915e-05
-0.000923462
0.00156246
-0.000316691
0.000523534
0.000901266
0.000252953
0.000194907
0.00078979
-0.00141873
0.00073814
0.000162525
-0.0015623
-0.000539333
-0.000142332
0.000569826
0.000568198
8.74563e-05
-0.000152511
-0.00101803
0.000203417
0.000607146
-0.00146969
-0.000454077
-0.000263225
0.000117351
6.89304e-05
0.000385373
0.000278755
-0.000819343
-4.80043e-06
-0.00120424
9.42272e-05
-1.78901e-05
0.000862466
0.000390213
-2.75023e-05
0.000337163
-0.00110618
0.000859951
0.000402887
0.000677133
0.0006966
-0.000561099
0.000454447
-0.000146746
-0.00147485
0.000362639
-0.00074601
-0.000284916
-0.000650474
0.000120317
0.00010056
5.13986e-05
-0.00118051
-0.000237753
0.000309723
-0.000447243
-8.92851e-05
-0.000535539
0.00106191
-0.000514889
0.0010499
0.000965631
0.000278843
0.000991227
-2.70076e-06
-0.00135975
-0.00033891
0.000282228
-0.000506845
-0.00125547
-0.000793833
-0.000496926
8.91566e-05
6.08734e-06
0.000202433
-0.000217358
-0.000770996
0.000484405
6.25428e-05
-0.000572724
0.000145098
0.000624362
3.87475e-05
-0.00074548
-0.00123211
-8.02088e-05
-0.00106678
0.000394868
-0.000386978
-0.000471656
0.0004962
0.000135516
-0.000627654
-0.000192647
0.00042639
0.000208849
-0.000140963
-0.000515301
-0.00053619
-0.000278961
0.000232469
0.00050518
9.24245e-05
-0.000824654
-0.000389762
0.000408562
-0.000617809
0.000218349
-0.000909306
-9.42597e-05
0.00116607
-0.000480535
-0.00109888
-0.00060129
-0.000217528
0.000385156
-0.000420091
-8.21909e-05
0.000798515
-0.000163503
-0.000465023
0.00129962
0.000498836
-0.000119482
-0.00116059
0.000727408
0.00145654
-0.00101191
0.000122373
0.00115423
-0.000657711
1.84097e-06
-0.000864587
0.000945636
-7.59501e-05
0.000582687
-0.000272935
0.000763761
0.000254025
-0.000717581
-0.000395787
-0.000190468
0.000288883
2.07603e-06
-2.36919e-05
-0.000650085
-0.000133542
0.000532863
0.000325121
-0.000754309
-8.44942e-05
-0.000629095
0.000964984
-0.000137554
-0.000133592
-0.000107408
-0.00096064
-0.00202416
-0.00106247
-0.000615291
-0.000509284
-0.000139198
0.000789292
0.000220684
-0.000475149
0.000989188
-0.000194237
-0.000312995
0.000441536
-0.000662738
-0.000659764
-0.000103783
-0.000320173
-0.000602387
-0.000113512
-9.05645e-05
0.000957764
-0.000477511
0.000338546
-0.00102434
-0.000229799
3.65259e-05
0.000108759
0.000312029
-0.000932979
0.000356789
0.000306803
0.000728988
0.000308124
-3.86552e-05
-0.000371701
-0.000472564
-0.000165959
3.59607e-05
-0.000783011
0.000200819
-0.000312238
-0.000364203
-0.000468421
0.000368816
0.000614275
-0.000567885
0.000718247
-1.86242e-05
6.31593e-05
-0.000703186
5.7653e-05
0.000874236
0.000214243
-0.000367372
-0.000206686
0.000914204
-2.31119e-05
0.000749936
-0.000238335
-0.000184374
-0.000764264
-0.000385263
0.000280679
0.00130582
9.28793e-06
-0.000391086
-0.00135226
-3.22934e-05
0.00155102
0.000234821
0.000716283
-0.000983831
-0.000101146
-0.000114449
-0.000388126
5.57539e-05
-5.82539e-05
-0.00115966
-9.37157e-05
-0.000258566
0.000939453
0.00112591
-0.000867292
1.17104e-05
0.000204094
0.000348235
7.22433e-05
0.00109078
-0.000239535
-1.3709e-06
0.00119082
-0.000425233
0.000595219
0.000637793
-0.000670777
0.000292235
5.4362e-06
0.000757748
-0.000133275
0.00104444
-0.000663231
0.000116424
0.00063756
0.000115189
-0.000375245
8.85741e-05
0.000652114
0.000456421
-0.000811349
0.000665596
-0.000242524
-0.000625317
0.00105739
-0.00128067
-0.000305317
-0.00141973
0.00053769
-0.000607387
-0.000500544
-0.000513309
0.000431499
-0.000580924
0.000422673
-0.000312777
0.000668413
0.000250787
-0.000610097
-0.000617865
-7.34392e-05
6.91518e-05
-0.000601589
-0.000171856
-0.000518675
0.000583835
0.000556004
3.65235e-05
-0.000210139
0.000546036
0.000345711
-0.000375937
-0.000430206
0.000199006
-0.000566974
-0.000388603
-0.000521956
0.00102223
-0.000275983
6.31744e-05
-0.000303584
-0.00114781
-0.000137907
-0.000781533
-0.000790534
-0.000154245
-5.5621e-06
0.000593268
-7.48019e-05
-0.000143185
-0.000743512
-0.000970573
0.000121543
-0.000501769
9.85184e-05
0.000480587
0.000582034
0.000137545
-0.000879171
-0.000208241
-8.48126e-05
9.28276e-05
0.000691386
0.00121405
-0.000345963
0.00029742
-0.00114081
-0.0011492
0.000371813
-0.000531847
-0.000146869
0.000706072
0.000617391
-0.000127724
0.000365092
0.000844269
0.000257862
0.00032038
0.000496667
0.00155544
-0.00067271
-0.00103888
-0.000186792
0.000713419
0.00060905
-0.00142941
-0.000523116
-0.000233105
-0.000412682
3.44824e-05
-0.00051963
0.000102883
0.000690463
2.44979e-05
0.000299637
-0.000432665
0.000729801
0.000808598
-0.0006083
0.000318185
-0.00028345
-0.000162633
-2.75244e-05
-0.000530743
-0.000366334
-0.000200756
-0.000538008
0.000854044
0.000987498
-0.000163174
-0.000355393
0.00110079
9.66665e-05
0.000137865
0.000412609
-0.000286956
0.000118606
-0.000515807
-0.000881647
5.6459e-05
0.000118777
-0.000949465
0.000307415
-0.000255453
-0.00068252
5.96905e-05
-0.00048568
-0.00116082
0.000231948
0.000807984
0.000901781
0.000365443
0.00020496
0.000501364
-0.000953094
0.00118706
-0.000255688
-0.000827675
0.000556707
0.000136093
-0.000656201
6.04952e-05
0.000426677
-0.000555653
-0.00100442
-0.000683888
0.000352617
0.000488976
-0.00106963
0.000857886
-0.00021205
-0.000466066
-0.000337775
0.000265751
-0.000248812
0.000198209
-2.91251e-05
-0.000729079
-4.23308e-05
-0.000240289
0.000188456
0.000763195
1.00469e-05
-0.00058198
-0.000244025
0.000787427
6.94366e-06
-6.21277e-05
0.000600451
-0.000248364
0.00102331
0.000505276
0.000985859
0.00078758
-0.000546348
-0.000605175
-0.000638743
-0.000449664
0.00106405
-0.000436098
0.000627965
1.09804e-05
0.000503054
-0.00126993
0.000312627
0.000662738
-0.000119774
-3.26962e-05
-0.000342444
-0.000841827
-0.00047533
0.000860701
-0.000659922
-0.00113719
0.00159769
0.000752618
-0.000395191
-0.00015745
-5.06616e-05
-0.000290177
0.000267718
2.08027e-06
0.000289557
0.00089601
0.000369332
-0.000353236
5.74815e-05
0.000789436
0.00025033
0.000167961
0.000782178
-0.000108333
-0.000893953
-0.000966055
0.000860401
-0.000722973
0.000365633
-0.000114751
0.000116931
0.000769603
-0.000518908
-9.54061e-05
-2.12401e-05
0.000202303
-0.000482015
-7.45808e-05
-2.31346e-05
-8.04691e-06
0.000559011
0.000374932
-0.000322804
-0.00119738
-0.00120407
0.000367288
-3.80666e-05
-0.000792108
0.000729705
-0.000256842
0.000349757
0.000723974
7.83775e-06
-0.000545425
0.00013216
-0.000444425
0.000687612
9.28056e-05
0.000823779
-0.000481802
-0.000956311
-0.000112229
-0.000254076
-0.000776942
-2.36419e-05
0.000112783
-0.000263163
-0.000402739
-0.000294837
0.000279618
0.000303308
0.00139433
-6.39094e-05
0.000296578
-0.000792729
3.9484e-05
0.000520022
4.26423e-05
-0.000517389
8.44005e-05
0.000238042
0.000508486
-0.000701737
-0.000532527
-0.000143255
0.000344184
-0.000194599
-0.00101601
-0.000522014
0.00058245
-0.000176892
0.000348474
0.000138561
-0.000799759
0.000277337
0.00151548
-0.000898853
0.000271178
-0.000228359
0.00160383
-0.00145885
-0.000666866
0.00056858
0.000937466
-0.000548678
0.000830076
0.000512416
0.000812801
0.000971764
0.000482662
0.00039305
4.37708e-05
-0.00132462
-0.000477069
-0.000575772
0.000521582
0.000183271
-0.000418773
0.000205185
-0.000898094
6.51474e-05
-0.000225527
-0.000588751
-0.000682881
-0.000273572
0.000233399
0.000128909
0.000966418
0.000739697
-0.00038837
0.00038891
-0.000688672
0.00048972
0.000151363
0.000373274
-2.9413e-05
4.25129e-05
0.000366859
-0.000816396
-0.000386502
-0.000395518
-0.000435529
2.23356e-05
0.000548411
-0.000799418
-0.000839847
0.00116966
0.000727404
0.000392229
0.000733411
-0.000550304
-0.000310821
-0.00101427
0.00120709
0.000271033
-8.55181e-05
0.000391641
0.000107034
0.000222474
0.000737584
-6.98155e-05
-0.000353843
0.000652367
0.000382569
-0.00030943
0.00045663
-0.000440032
-0.000912132
1.03836e-05
0.00031282
0.000417914
-0.000278287
-0.00121968
0.000150533
-0.000467597
0.00017931
0.000266923
-9.76862e-05
-7.57462e-05
-0.000718789
0.000192731
-0.00015807
-0.00019619
0.000858197
0.000907627
0.000929899
-0.000703441
0.000653057
-0.000128713
0.000109526
0.00102406
-4.61474e-05
0.000940457
8.87065e-05
-0.000364899
0.000428562
0.00109458
0.00031337
-0.000276829
0.000185838
-0.0016678
0.00144079
-0.000727885
-0.000319035
0.00106648
3.31459e-05
-0.000519852
-5.72649e-05
-7.67811e-05
-0.000266905
0.000603597
0.000536763
0.000184892
0.00021932
0.000680901
0.00063073
0.000650407
0.000542521
-0.000369361
0.000743987
-0.00016745
0.000959161
-0.000602139
-0.000693393
0.000609508
0.00111997
9.74489e-05
0.00106878
-0.000135035
0.000977277
0.000100306
0.000268077
0.000529482
0.000451194
-7.35169e-05
-0.000990462
-0.000765806
0.000481316
-0.000123965
0.000574289
-0.000459659
0.00157594
-0.00017291
0.000240424
0.000230925
1.26418e-05
0.000549254
0.000520821
0.000298159
-0.000841285
-0.000437912
-6.12197e-05
0.000182245
0.000851871
0.00117961
0.000700166
-0.000281143
-9.99425e-05
-0.000699585
0.00055928
0.000359767
0.000685481
-0.000583442
-0.000657979
0.000779276
0.00132337
-0.000302311
-0.000355178
-0.000107443
0.000566235
-3.16049e-05
-9.85383e-05
-0.000338807
0.000444157
0.00038502
8.93866e-05
-0.000392238
0.00013079
-0.000659874
0.000337828
0.000863597
-0.000806215
-0.00124572
0.000378116
0.00111194
-0.00100319
0.000110844
-0.000632953
-0.000943167
-0.000599081
-0.000984288
0.000421806
0.000983281
-0.000381679
0.000102999
-0.000201169
-0.000467091
-0.000363038
0.000632621
4.0983e-05
8.62073e-05
-0.000415366
-7.923e-05
-9.83742e-05
0.000390593
0.000839202
0.000143712
-0.0010021
0.000689173
0.000671792
-0.000843942
0.000779788
0.000852634
0.00029245
6.56759e-05
-0.000518576
0.000846002
0.00125255
0.000423501
-0.000277733
-0.000193826
5.313e-05
-0.000218909
-0.000164585
0.000586793
-0.000199131
-0.000377349
0.000404842
0.000530808
0.000442165
-0.000301211
-0.000494441
-7.56413e-05
0.0002791
-0.000343171
0.000434469
0.00138728
-0.000427048
-0.000560589
-0.000268634
0.000326367
-0.000238482
-0.000454145
-0.0011439
0.000813914
3.65546e-05
0.000142268
0.000770671
-0.000339776
-0.000343326
0.000434834
0.00078121
0.000458617
0.000572192
0.0009361
0.000510982
0.000645477
0.000408529
-0.000138665
0.00115934
-0.000831454
0.000488103
-0.00122221
-0.000444668
0.000382926
0.000673528
0.00116247
-0.00116352
-0.000408819
0.00084279
4.38695e-05
-0.000755638
-0.000689397
-0.000414427
-0.000197985
0.00123682
0.000222989
-0.000609729
0.000325989
0.00136155
-5.87964e-05
-0.000163201
0.000275082
0.00103337
0.000449133
-5.71791e-05
-1.47457e-05
5.13584e-05
-0.00109633
0.000657313
5.39623e-06
-0.000356318
-0.000228393
-0.000952398
0.00111158
5.51018e-05
0.00085659
0.000605983
-3.03093e-05
-0.00184771
-0.000542238
-0.00150297
0.000677974
0.000308804
0.000338519
-0.000996919
0.000292756
-5.5772e-05
0.00134848
0.000962876
0.000232493
-0.00108372
-0.000472584
-0.000377778
0.000802224
0.000380878
-0.00123105
-0.000464909
0.000724765
0.000310411
-0.000903574
0.000654815
-0.000330594
-0.0012975
-0.000624491
-0.000271803
0.000934336
-0.000288454
-0.0005101
-0.000645232
3.78064e-05
-0.000308397
-0.0016494
0.000420343
0.000585183
-0.000407397
-0.000181716
0.000312863
-0.00073535
-7.03011e-05
-0.00106775
0.00151226
-0.000153184
0.000419409
0.000156753
-0.000803461
0.000335895
-0.000463715
-0.000475723
-0.000375791
0.00130136
-3.90969e-05
0.00109213
-0.00156747
0.0016367
0.000911194
0.000281705
7.80469e-05
-0.000608442
-0.000338155
-0.000314981
-5.37735e-05
-0.000379133
-0.000169474
-0.00024381
0.000128175
0.00161309
-0.0005898
0.00011797
0.000827428
-0.000693574
0.00094285
-0.00101793
0.000639292
-0.000343473
0.00148412
-0.000126517
0.00041217
0.0010299
-0.000146439
-0.00012138
0.00102083
-0.000788185
-0.00156169
-0.000678849
0.000910894
-0.000418618
-0.000558078
-0.000630919
0.000338766
0.000651474
-0.000849344
-0.000772606
-0.000328911
-0.00052529
-3.4095e-05
0.000719649
-0.000165554
2.88971e-05
0.00103396
0.000175174
5.77112e-05
-8.38155e-05
-0.000786907
0.000807715
0.00100516
-0.000705475
-0.000255215
-0.000245699
-0.00034227
1.83829e-05
0.000459203
-0.000536865
0.000455613
-0.000995887
-0.000667799
-0.00010014
0.00085346
-0.000367469
0.000337363
0.000661247
-0.000828793
-0.00065476
-0.000614461
0.000613537
0.000245647
0.000280127
0.000295956
-0.000210369
-0.000221781
-0.000200482
-2.60693e-05
0.000843751
0.000253015
-0.00079476
-7.57478e-05
0.000976936
0.000442194
-0.000685927
-0.000224478
0.000768075
0.000414141
-0.000509952
0.000633467
-0.000323823
0.00134627
0.000606925
0.000899387
0.000436627
0.000160117
5.73839e-05
-0.000413504
0.000318025
-0.000484737
-0.000120435
0.000293586
-9.1208e-05
-0.000719702
0.000268864
-0.000610019
-0.000268027
-0.000429255
-0.000684771
0.000371537
-0.000878183
0.000233065
-0.000433058
0.00022843
0.000164321
0.000879457
0.000173916
0.000553249
0.000785737
-0.000540258
0.000107577
-9.59396e-05
-5.21411e-05
-0.000795641
0.00026988
-0.000215651
0.000300672
0.0010953
0.000348796
-9.40415e-05
0.00108137
0.000322182
0.000220441
0.000566291
-0.000331083
0.00103946
0.000565185
-9.87064e-06
0.000711063
-6.98199e-06
5.68533e-05
-0.000590386
0.000918625
0.00103285
-0.000246829
0.000470705
-0.00055776
0.000246008
-0.000422503
0.000145297
0.000378949
-0.000986493
0.000512113
-0.000426624
0.00102615
0.00116835
-8.95297e-05
8.21412e-05
-0.00101244
0.000409165
0.001017
0.000725414
0.000403078
0.000214824
0.000850192
-0.00148027
0.00162392
0.000413265
0.000794993
-0.000765646
0.000734964
0.000181727
0.000530901
0.00109684
-0.000376873
0.000625782
0.000371026
5.57446e-05
-0.000736475
-0.000685316
0.000697384
0.000267
0.000420771
1.13844e-05
0.00114444
0.000231377
0.000402517
-0.000587967
0.000286408
-0.000776579
-0.000932596
0.00112934
7.95087e-05
0.000583247
0.000278227
-0.000607747
4.52802e-05
0.000412022
-0.00148542
-0.000369015
-0.000270357
0.000566611
-0.000847691
0.000271129
0.000376235
0.000224869
-7.18607e-05
-0.00181907
-0.000999679
0.000955434
0.00013103
-0.000237879
0.000574342
-0.000780041
0.00056427
0.000260399
0.00143759
-0.000715575
0.000453978
-0.000766326
-0.00173428
0.000468243
-0.000684148
0.000819661
0.000162055
0.000445336
0.000106213
-0.000120021
0.000329576
0.0004084
-0.000669671
0.000221918
0.000867627
0.000425912
0.000493734
-0.000764839
0.000383855
0.000236298
-0.000563067
4.59859e-05
-0.000752614
0.000191118
0.00029906
0.000312421
-4.85812e-05
-0.000516291
-0.000527167
-0.000763557
0.000610345
-0.000859335
0.000888755
0.000196034
-0.0014334
0.00124505
-7.52155e-05
0.000299247
0.000508929
-0.000950273
-0.000559968
0.000786912
6.90798e-05
9.73179e-05
0.00175476
-0.00188022
-0.000708403
0.00048912
-0.000545466
0.000303291
0.000873156
-0.000828549
-0.000422227
-8.94635e-05
0.000445115
-0.00123847
0.000284097
0.000525323
-0.000611326
0.000839748
-0.000423916
-0.000117851
-0.000454956
-8.28814e-05
-0.000201894
0.000445971
-2.62005e-05
0.000352257
-0.000910739
0.000328995
0.000875669
0.000598824
-3.06953e-05
-0.000669945
-0.000345259
-0.000581717
-0.000384566
-0.000640768
-0.00121232
-0.000347339
-7.63373e-05
0.00165159
-0.00038275
9.51393e-05
-0.000117886
-0.000458841
0.000858352
-0.00110382
0.000397093
-0.000154544
0.000475492
-0.000951281
0.00161355
0.000582655
-0.00203293
0.000935435
0.000846787
-0.00107791
-0.00111053
0.000244545
0.000576692
-0.000632649
2.61106e-05
5.43141e-05
0.000183423
2.68414e-05
-0.000417813
-0.000688581
-0.00115807
0.000731026
-0.00168731
6.60471e-05
0.000166298
-0.00108792
0.00019393
-7.25005e-05
0.000141302
0.000221643
0.000565144
0.000848088
0.00207762
0.000314229
-0.000819826
-0.00128284
0.000862708
-0.00010017
0.0003864
0.00011001
-0.00029908
0.000705718
-0.000382975
-0.000405167
0.000407402
0.000254122
0.000452375
0.000883884
-0.000111243
-0.000393152
0.000771163
-0.00181213
0.000243582
7.11501e-05
0.00138124
0.000201053
0.0011579
0.000802929
0.000417229
-0.000508336
-0.000243249
0.000235361
0.000377114
-0.00106719
0.000582387
-0.000241016
-0.000138189
0.000618853
0.000167805
0.000914742
0.000313262
0.00108366
-0.000642166
0.000553632
-0.000837629
5.59401e-05
0.00104621
0.000796703
0.000307705
0.000450772
0.00115163
0.000259711
0.000505501
0.000129167
0.000393625
0.000682404
0.000117433
-0.000280565
-0.000232052
0.00081844
-0.000970845
-0.00109153
-0.000125202
0.000201446
-0.000117359
1.68185e-05
0.000144486
0.000416096
0.000105582
-0.000197043
0.00026768
0.000279027
0.00054736
7.87575e-05
0.00157739
-0.000193695
0.00013142
-0.000155813
0.000442205
-0.000601597
0.000223863
0.00022666
5.61366e-05
0.000820145
-0.000225024
-0.000699544
0.000316367
-0.00047378
-0.000222865
-0.000354699
0.000493183
0.000822162
-0.000528083
-0.00116832
-0.000173661
-0.000897612
-0.000587993
0.00100882
-2.62995e-05
0.000256711
0.00102108
-0.000402194
0.00049969
0.000709464
0.000885771
0.000318177
0.000626644
0.000525789
0.000149988
0.00181826
0.000218484
0.000336026
-0.00013626
0.000436611
6.19948e-05
-0.000581649
-0.000394798
-0.000789167
0.00121079
0.000144739
0.000671033
-0.000347788
-0.00116228
-0.000370903
0.000749928
0.000352687
-0.000377727
0.00075745
-0.000187182
0.000232784
-0.000185246
0.000448021
0.000560682
0.000673717
0.000750251
-0.000143813
-0.000343106
0.0011107
0.000115399
-0.000422724
-0.000117176
-0.000602526
-0.000684664
-0.000902273
-0.000695202
0.000562012
-0.000653959
0.00117736
1.95708e-05
-2.1224e-05
0.000415202
0.000243407
0.000412514
0.000434595
8.91323e-05
-1.88746e-05
0.000456118
0.000400543
0.000145496
0.000261288
0.000735252
