0.0063671
0.00281463
0.00262492
0.00102317
0.00408346
0.000949428
0.00430924
-0.00550795
0.0011382
-0.000710418
-0.00138258
-0.00380092
-0.00280039
0.00254342
-0.00342417
0.00101558
-0.00299414
0.00575521
0.00324168
-0.00134759
-0.00105201
-0.00703834
-0.000321357
-0.00293996
0.00101088
-0.00393712
0.00284456
0.00162674
0.00723309
-0.00172797
0.00315891
-0.0117371
0.00475764
0.00351964
0.00228977
0.000921353
-0.00221867
0.00380544
-0.00137264
0.00238384
0.000612013
-0.00197678
-0.00146987
-0.00328347
-0.00342532
-0.00329641
0.00784347
-0.00042518
-0.00703355
-0.00508584
-0.000976699
-0.00622146
-0.00589009
-0.00817605
0.00204422
-0.00653947
0.00535797
0.00658356
0.00649506
0.00667648
-0.00607243
0.000713374
-0.00779221
-0.000970689
-0.003687
0.00515907
-0.00215842
-0.00136379
-0.00187666
0.00124708
-0.00562667
-0.00241564
0.00672559
-0.00373475
0.00942378
0.00059162
0.00309643
-0.000728644
0.00507089
0.000636485
0.000126307
0.00579662
0.000918631
-0.00487876
-0.00588839
-0.0016153
0.00347355
-2.89337e-05
-0.00393264
0.00388892
0.000222617
0.00521607
0.00505111
0.00437514
-0.00891015
-0.00315885
0.00279989
-0.00908106
0.00234642
-0.00145121
-0.00152821
0.000145247
0.00494054
-0.00210419
-0.00599497
0.00625892
-0.0017983
0.0036014
0.00174567
-0.00698733
0.00597221
0.00788739
0.00389157
-0.00122924
0.00142281
-0.00115465
-0.00308096
0.00153961
-0.00170856
-0.00211923
0.000647711
0.0039353
0.00060525
-0.00121709
-0.00287902
-0.00463169
0.00616896
-0.00140971
0.00293185
-0.00170141
-0.00464278
-0.00250055
0.00182118
-0.00297941
-0.00474684
-0.00298024
0.000610999
-0.00671657
0.00420846
0.000953098
0.00351208
0.00159665
0.00734635
-0.00430498
-0.00322418
0.00430762
-0.00189182
-0.00198114
-0.00179507
-0.00360672
0.00177197
-0.00114213
-0.00184498
0.0017887
-0.000352727
0.00229116
0.00316114
0.00160014
-0.000331886
0.00794722
-0.00149879
5.85657e-06
-0.00606207
0.00347069
0.0030533
0.000319964
-0.00157491
-0.00171004
5.07806e-05
0.00438195
0.000516214
0.000333005
0.0030503
-0.00884892
0.00202795
-0.00537212
-0.00756763
0.00331367
0.0038958
-0.00123412
-0.00249662
0.00598939
-0.00619052
0.0014286
0.000733535
0.00400598
0.00107081
-0.00698312
0.00376559
-0.00438468
-0.000342398
0.00172301
-0.00409326
0.00129535
-0.00497308
0.000222211
-0.00448963
-0.0025738
-0.000654536
0.00523909
-0.00259285
-0.00303238
0.0025963
0.00650613
-0.0043304
0.0047477
-0.00128152
0.00283696
0.00251017
-0.0010675
-0.0030437
-0.00173189
0.00732004
-0.00626222
0.00200633
-0.00556248
0.00109477
-0.00350884
-0.00131729
0.00823915
0.00446992
-0.000124506
0.000620502
-0.0049987
-0.00178554
0.00207296
0.00621179
2.36851e-05
-0.00602348
0.000343258
-0.000960378
-0.00485671
0.00272527
-0.00269961
-0.00123048
0.00869114
0.00388877
0.0025342
-0.000932966
0.000223939
-0.00404546
0.00194915
0.0059767
0.00269145
0.00167358
0.000915458
-0.00493679
0.00459498
0.000711218
-0.000919035
0.00642397
0.000888279
0.00320467
0.00338826
0.00197971
0.00187073
-0.00154255
-0.000202765
0.00538434
0.00339236
0.00206303
0.00129539
-0.00513032
-0.000238572
-0.000953631
0.00126059
0.0021401
-0.00795611
-0.00993918
0.000654128
0.00367892
0.00163211
-0.00194135
-0.000906801
0.00709081
0.00150651
0.00109872
0.00877476
0.00222155
0.000450941
0.00530809
-0.00132178
-0.00122869
0.00130225
0.00210405
0.000814612
-0.00327257
0.00392653
0.000490976
0.00517808
-0.00180637
0.00317971
-0.0027079
0.00534412
0.00555764
0.00824326
-0.000779331
0.00388768
-0.00198085
0.00900375
