7.25913e-05
0.000676739
0.000209412
0.0007598
0.000471834
0.000231473
0.000209619
0.000153164
0.000267092
0.000180277
0.000431981
0.000184034
-0.000263723
0.000581782
-2.56834e-05
0.000109921
-0.000160846
-1.50857e-05
-6.6502e-05
0.000459962
3.98215e-05
-0.000246268
-0.000365717
0.000521347
0.000141933
-0.000693278
0.00041189
0.000621191
-0.000125903
0.000247115
-6.508e-05
0.000185768
-1.3852e-06
0.000148839
0.000539021
0.000285728
-0.000375465
-0.000160336
0.000141707
-0.000118841
-0.000552189
-0.000142103
7.8978e-05
-0.000105918
-0.000296969
-0.000107251
-0.000292835
0.000437169
-0.000445749
0.000185606
0.000334335
-0.000532576
-9.46641e-05
-0.000477621
-8.98798e-05
0.000301346
0.000350531
0.000384825
-0.000453701
-0.000269099
0.000601598
-0.000730467
-0.000521531
0.000183108
-8.22309e-05
-0.000296297
-0.000292827
-0.000444662
-0.000422392
0.000107855
0.000217492
0.000267879
9.74091e-05
-0.000337267
0.000430874
0.000113716
0.000295799
-0.000122379
-0.00010679
0.000642537
0.000388793
0.000284779
8.33994e-05
-0.000422951
-6.8531e-05
-0.000438693
-0.000198542
0.000665899
-8.5783e-05
-0.000231274
0.000508525
-0.000104841
-3.99827e-05
6.7281e-05
-0.000111068
-0.000358544
8.09618e-05
0.000559056
5.18014e-05
-7.18955e-05
-0.000293732
-0.000133677
-0.00010378
5.53841e-05
-0.00072924
-4.68588e-05
0.000534012
-2.42282e-05
-0.000326026
-5.74117e-05
-0.00041442
0.000101365
-6.65248e-06
-0.000708796
0.00035229
6.82469e-05
-0.000352105
-0.000137603
0.000509534
-0.000153455
0.000329537
0.000155596
2.22128e-05
-0.000363374
7.70852e-05
-9.94811e-05
-4.54655e-05
1.63278e-05
0.000178443
6.15968e-05
-6.24416e-05
-0.000153818
0.000403575
0.000144656
0.000141107
-0.000187083
7.81893e-05
0.000159464
-0.000347509
-0.000150549
0.000137843
0.000110859
9.14001e-05
-0.000192557
4.80802e-05
3.74761e-05
0.000541259
-9.9725e-05
0.000423801
0.000242057
5.32916e-06
3.67611e-05
0.000134827
0.000351188
-0.000248526
0.000301403
8.74604e-05
-0.000358256
0.000328673
0.000128628
-3.34951e-07
-0.000304427
0.00044609
5.57587e-05
-0.00026651
-0.000111175
0.000825261
-0.000434225
6.3671e-05
-0.00011414
0.000383966
0.000521338
2.65287e-05
0.000230156
3.82738e-05
0.000423387
0.000265271
0.000844492
-0.000165225
-0.000337751
-0.000294155
0.000227646
0.000328663
0.000495353
-0.000378217
0.000273228
8.75863e-05
2.61396e-05
0.000384068
-0.000205451
0.000132298
0.000133421
-9.22074e-05
-6.68734e-05
-0.000207915
-0.000484602
0.00044957
-0.000260236
9.44031e-06
-0.000128194
2.48064e-05
0.000325474
-0.00021346
4.83631e-05
-1.62311e-05
-0.000328102
6.85976e-05
-8.60274e-05
-2.77408e-05
-0.000175219
-0.000233509
0.000115727
-1.4674e-06
-5.97742e-05
-0.000655461
0.000348113
-0.000572569
0.00026918
-0.000385147
3.96964e-05
0.00027962
-0.000485558
0.000258394
-0.000230289
2.85256e-05
-0.000263761
-0.000154278
0.000146213
0.000111817
-0.000550642
-0.000434631
-0.000520048
5.84443e-05
0.000181634
0.00012323
-0.000505897
-0.000231532
-9.64685e-05
-4.28528e-05
0.000340497
0.000405595
-0.000102838
0.000231009
-0.000219714
-1.51836e-05
-2.44249e-05
0.000252429
4.40034e-06
-1.48944e-05
-6.45488e-05
3.16123e-05
0.000217029
-0.000283963
0.000419619
-0.000129709
-0.000170096
-1.86183e-05
0.000219803
0.000676295
0.000251423
0.000287508
-0.000118052
-0.00064819
-7.00229e-05
-0.000697508
0.000175082
-0.000689054
-0.00050293
4.41954e-06
0.000627789
-8.71962e-06
-0.000614497
0.000176971
-7.89638e-05
0.000443232
5.67394e-05
-0.000124999
-4.28682e-05
-0.000133927
0.000132526
-0.000197947
-4.9534e-05
0.00066066
-0.000230431
0.000325562
-0.000112473
0.000200652
-0.000326761
0.000667064
-0.000165158
-0.000371549
-0.000522561
1.16854e-05
-6.50083e-05
0.000166685
-0.000121532
-3.75568e-05
-0.000331558
-4.23686e-06
0.000593224
-7.25774e-05
0.000123334
6.89578e-05
0.000238448
0.000198871
0.000470138
0.000257154
0.00030498
7.50574e-05
0.000232467
-7.02502e-06
0.000188853
-8.40672e-06
-0.000195253
-0.000207749
0.000305803
-5.94092e-05
0.000826521
0.000109616
9.78756e-05
0.000141649
0.00011251
4.84392e-05
0.00014147
0.000158701
-1.11824e-05
-0.000329271
-0.000514945
-0.000173549
0.000138473
3.57166e-05
-0.00029593
0.000812319
-0.000270698
-0.000336407
-0.000455272
-0.000155238
-0.000275028
-0.000376795
-0.000134855
-0.000740688
-0.000217825
8.61014e-05
8.32735e-05
-0.00052424
-0.00010797
0.000417558
-0.000175197
0.000209506
-0.000636073
-0.000306923
0.000286316
-0.000384865
0.000282983
0.000197954
0.000420386
0.00051318
0.000618017
0.000391086
0.000109075
0.000427874
-0.000354437
0.0003857
-0.000286933
-0.000143885
-0.000149039
-0.00062826
3.92429e-05
5.81867e-05
-0.000669716
7.14132e-05
0.000521118
0.000117887
0.000404109
0.000282989
0.000586025
0.00025373
2.90375e-05
0.000448301
0.000173307
0.000102094
0.000357519
0.000396652
-0.000352159
7.2501e-05
6.75332e-05
7.14733e-05
-0.000132948
0.000476954
-0.000278009
0.000150041
1.49154e-05
-0.000223544
-0.000237221
-3.68709e-05
-0.000378541
0.000180921
-0.000203385
0.000414193
0.000130976
0.000136049
9.56758e-05
0.000340223
0.000323806
7.13197e-05
-0.000209625
-7.60726e-05
-0.000220196
0.000331077
-0.000271841
-8.71811e-05
4.30599e-05
0.000159643
0.000107416
-0.00023384
-0.000207973
6.53204e-05
-1.16023e-05
-3.64672e-05
-0.000132803
-0.000493086
6.30891e-05
-9.61842e-05
6.34795e-05
-2.77902e-05
9.29505e-05
-3.65337e-05
-0.000269161
0.000218175
0.00074978
-0.000264065
0.000521431
0.000273075
-0.000262014
0.000416023
-0.000214165
-8.18111e-05
0.000321493
-0.000235071
0.000421996
-8.81601e-05
0.000137855
0.000314099
-5.56933e-05
-7.33978e-06
0.000468602
-0.000582227
-4.27573e-05
7.9565e-05
-0.000246519
-0.000311232
0.000305935
-0.000159098
-5.76825e-05
0.000272647
0.000159691
-0.000316022
-0.000236619
7.21989e-07
0.000506854
-0.000181004
6.74768e-05
0.000136647
5.40039e-05
-9.56973e-05
0.000602466
6.57974e-05
-1.08131e-05
-0.00039544
0.000447995
3.25759e-05
0.000279295
9.93386e-05
-0.000245295
1.65299e-05
0.000633371
3.33698e-05
-0.000195768
5.48689e-05
-0.000112068
-0.000628897
-0.0005832
0.000322336
4.31331e-05
-2.93428e-05
-0.000123919
0.000152362
0.000381947
-0.00029078
3.80284e-05
0.000308645
-0.000223305
0.000180979
0.00024557
-0.000316197
3.68169e-06
-0.000286477
0.000340996
0.000169608
0.00073643
-0.000339701
-0.000544276
-0.000176051
-0.000248485
-0.000365456
-0.000479511
0.000139539
-0.000572722
0.000279613
-0.000187857
-8.24599e-05
0.000128398
3.95021e-05
-0.000272005
0.000543194
0.000303405
-7.37679e-05
-7.95195e-05
0.000276104
0.000567719
0.000234075
-0.00014126
-0.000196426
-0.000244694
7.86015e-05
1.82798e-05
0.000297195
0.000252345
5.17569e-05
-0.000250299
-4.6083e-05
0.000835458
-7.46555e-05
-0.000490619
0.000240303
-0.000619645
0.000266627
-0.000177798
0.00028486
0.000187904
9.01815e-05
-0.000318146
-0.000341534
-0.000623271
4.55877e-05
0.000156907
0.000589696
-0.000184878
0.000142294
-0.000262086
-8.33371e-05
-0.000291265
0.000238235
-0.000202445
-0.000311206
-0.000217735
-5.63984e-05
-0.000284011
0.000235309
7.56259e-05
-0.000121635
0.000197417
-0.000371916
-2.09076e-06
0.000162901
0.000701329
-0.000203781
-9.72321e-05
0.000285552
-0.000623653
0.000179689
-2.79737e-05
-0.000342802
0.000150144
0.000223266
-0.000229008
-0.000302679
0.000498597
-6.63623e-05
-0.000382576
4.8068e-05
0.000545098
-8.1797e-05
6.75954e-05
-0.000498268
0.000465901
0.00018592
-0.000329804
-0.000250467
-0.000118352
-0.000233656
0.000250533
0.000561337
0.000633845
0.000168808
-0.000221004
-0.000309243
-0.000535107
0.000181876
-0.00030439
-5.25506e-05
-0.000244167
-0.000192379
2.90361e-05
-0.000165123
0.000135969
-0.00019834
0.000123303
-0.000441902
5.99601e-05
7.25781e-05
0.000145374
-5.51669e-05
2.93912e-05
-0.000341307
9.22459e-05
-3.83443e-05
-0.000186217
0.000156493
-0.000358283
3.63743e-05
-0.000465542
1.81687e-05
0.000290118
9.54111e-05
6.25817e-05
0.000494116
0.000193906
5.90803e-05
-0.000349822
-0.000368922
0.000116352
9.56741e-06
-0.000366641
-0.000461032
5.19521e-05
-3.1936e-05
0.000265599
0.000412712
0.000251077
0.000245338
-0.000459728
-0.000421791
-0.000111937
0.000384847
0.000283062
-0.000225673
0.000562658
0.000227934
-0.000434992
7.89983e-05
0.000233837
-0.000421636
-0.000483183
-0.00017939
8.634e-05
-7.41631e-05
-0.000428937
0.000300697
-5.12372e-05
-0.000172365
0.000529052
-0.000270949
-2.57719e-06
9.48511e-05
-0.000196039
-0.000322807
-0.000372232
1.3519e-05
0.000139953
8.62296e-05
0.000157609
1.06157e-05
0.00032892
-0.000494372
0.00010434
-2.33209e-05
-2.61946e-05
-1.82056e-05
-0.000621149
-0.000656093
0.00013152
0.000259606
-3.17926e-05
0.000977497
0.000364157
-6.16353e-05
-0.000187838
-0.000279606
-3.84972e-05
0.000458776
0.000594114
-0.000433142
-3.90507e-05
0.000102397
0.000158746
-0.0003174
-0.000406788
0.000141141
0.000306766
-0.000139181
9.67653e-05
-0.000148639
-0.000394023
-0.000411831
-0.000182238
0.00012775
0.000312307
-5.37685e-05
0.000339724
0.000532601
-0.00039234
0.000279025
1.82833e-05
-3.79131e-05
-0.0001557
0.000393159
0.000231854
0.000143353
-7.48874e-05
-0.000152676
0.00052883
6.29835e-05
7.28365e-06
-0.000323277
0.000493549
0.000349013
0.00103057
0.00023832
0.000121269
-0.000410024
-0.000283779
-3.85284e-05
-0.000104256
-0.000179566
1.84447e-05
-0.000158586
9.34456e-05
0.000195805
0.000340437
0.000179781
0.000160364
-5.06416e-06
0.000203363
-0.000137203
0.000271489
-5.20554e-05
-6.8625e-05
-9.56248e-05
0.000451056
0.000623264
-0.000587259
0.000129158
-0.000296057
-0.000310527
-0.000316856
0.000252411
0.000230116
-0.000373444
-7.96032e-05
0.000340229
0.000143324
0.000140621
1.06781e-05
-7.58425e-05
-0.000298117
8.91988e-05
-0.000118392
-0.000364138
1.63937e-05
-0.000428934
3.98851e-05
0.000528734
0.000100001
-0.000154094
-0.000218934
-4.4894e-05
0.000146514
1.81807e-05
0.000133222
0.000658878
6.75072e-05
-0.000215252
0.000113467
0.000180123
0.000524665
-0.000202352
0.000177001
-0.000699688
0.000189483
0.000592745
0.000374193
-8.03965e-05
1.25796e-05
-0.000269789
-0.000369905
0.00017626
-0.000358191
5.99932e-05
-0.000180421
-3.26274e-05
-0.000135392
-0.000823945
-0.000227804
0.000329525
-0.000102892
-0.000262052
-0.000342471
0.000378605
0.000202919
4.52028e-05
-0.000149633
-0.000582106
9.34535e-05
-0.000197763
-7.61956e-06
-0.000212567
0.000154933
-0.000223285
-0.00016973
5.63676e-05
-0.000277433
0.000260803
-0.000403569
0.000105383
-0.000239268
0.000117961
6.85739e-05
0.000273096
0.000282619
-0.000179176
0.000218225
-0.000266762
-0.000358438
0.00055827
-0.000271611
3.04649e-05
-0.000230297
7.47946e-05
4.76666e-05
-0.000117133
0.000870198
0.000140544
0.000112853
0.000642884
6.64896e-05
9.75739e-05
-0.000316172
-0.000269027
-0.000358884
0.000175058
-6.38617e-05
6.39948e-06
0.000210913
9.49567e-05
0.000215097
0.000240402
0.000378852
-0.000705479
-0.000664725
-0.000111287
-0.000239334
0.000160401
-6.30787e-05
5.16339e-05
0.000444021
-2.58992e-05
-1.46214e-05
0.000111934
0.000370126
-0.000520587
0.00015865
-0.000203878
0.000585988
-0.000108871
-0.000405723
-0.000263141
-0.000203408
-0.000191726
7.7723e-05
0.000324801
-0.000214661
-0.000340063
-0.000120448
9.78634e-05
4.66381e-07
-0.000471834
-0.000538844
-0.000239551
6.25178e-05
-0.000330932
0.000448645
0.000183167
0.000400157
-0.000118685
5.12807e-05
-0.000625647
0.000251627
7.46957e-05
-0.000298928
6.79796e-05
-0.000543698
-3.63822e-05
-0.000661877
0.000157556
-0.000157815
-6.39606e-06
0.000341694
-0.000301263
-0.000455904
-5.86784e-05
0.000123479
-0.00039022
3.62187e-05
-0.00023621
0.000595275
-0.000219173
3.60043e-05
0.000314795
0.000173915
-2.06058e-05
0.000159426
4.12199e-05
-0.000272172
-0.000173302
-0.000212742
-0.000419378
-0.000142939
-0.000358542
-0.000385682
0.000226835
-0.000341922
0.000196635
-0.000322747
0.000131827
6.41839e-05
8.28482e-06
-0.000167339
0.000308891
-0.000218744
0.000170229
8.75905e-05
0.000532701
-0.000215451
0.000447087
4.17598e-05
0.000638526
9.92076e-05
0.000246854
-0.000678135
0.000534731
0.000248779
-0.000162203
-6.07644e-05
2.99689e-05
4.75018e-05
-0.000658392
-0.000177791
0.000419717
-0.000250071
-8.93178e-05
-3.53245e-05
0.00031946
-2.95263e-05
0.000296056
0.000222613
-4.30689e-05
-0.000397955
-0.000381879
-2.53231e-05
0.000340612
-0.000103511
5.6286e-06
9.48274e-05
-0.00056463
-6.62601e-05
0.000261451
0.00034318
8.25921e-05
9.74664e-05
0.000181055
0.000141374
-2.09235e-06
0.000403778
-0.000404372
-0.000190467
-2.82616e-05
-1.06593e-05
0.000334397
6.64844e-05
6.615e-05
2.0047e-05
0.000364108
-0.000533053
0.000477146
3.50565e-05
7.42777e-05
2.45919e-05
0.000233594
-0.000328611
-0.000849482
-0.000167058
0.000327747
0.000110428
-0.000228765
0.000195622
0.000368232
-8.72001e-05
0.000127263
-4.61873e-05
0.000118131
-8.90751e-05
-0.000309634
-0.00030766
-3.64572e-06
-0.000102064
-0.000166257
-6.36523e-06
-1.14997e-05
6.79285e-06
-0.000529241
-0.000260361
0.000564643
-0.000209063
0.000214754
3.12827e-07
-0.000154828
0.000446154
6.95152e-05
-0.000310398
0.000336294
0.000457999
0.000141059
0.000473208
6.45734e-05
-0.000220235
-0.000283933
-0.000423978
-0.000354001
0.000602716
0.000172554
-0.000511451
9.3746e-05
-0.00033462
-3.97056e-05
-0.000625232
-3.63378e-05
-4.16114e-05
-0.000248099
-0.000846003
-9.27223e-07
-0.000425583
-0.000349215
0.000230447
0.000376236
-0.000130817
0.000240742
0.000301709
-1.93492e-05
9.98148e-05
8.83064e-05
0.00011268
-0.000204071
-0.000242419
-1.30404e-05
0.000151524
8.51949e-05
0.000171
-0.000296032
-0.000708403
-0.000398188
-0.000282616
0.000207374
0.000357558
0.000127124
-0.000634861
-8.13149e-05
0.000667759
-0.000167987
0.000126508
0.000134644
0.0001836
0.000147841
-0.000254716
0.000322447
-0.000292614
0.000222403
-4.83632e-05
4.59628e-06
-0.000558416
6.40155e-05
0.000142936
0.000602224
0.000207127
-0.00021195
0.000267348
-7.7252e-05
-3.78806e-05
0.000269525
0.000660821
0.000115025
0.000344939
0.00012643
0.000291526
3.77606e-05
-7.69179e-05
3.14526e-05
3.62168e-05
-0.00015281
6.40353e-05
0.000508615
0.000162282
-0.000421624
0.00017555
-0.00049004
0.000139162
-0.00031854
8.54061e-05
-0.0005223
0.000164705
-2.50284e-05
-0.000138605
-0.000108467
-0.000106838
-0.000380255
-0.00023798
-3.81811e-05
-8.38319e-05
0.000235707
-0.000356615
0.000225259
0.000248349
-0.000317896
-0.00020434
0.000338354
4.47277e-05
-7.59783e-05
0.000345023
-6.11175e-05
-6.41512e-05
0.000249473
0.000371474
-0.00034522
-0.000250782
0.000259661
3.30001e-05
0.000276101
7.18532e-05
0.000420795
-1.99551e-06
-0.000350727
-0.000329105
0.000145236
0.000255035
-0.000105901
0.000188063
0.000169512
0.000345357
0.0002327
-7.28423e-06
0.000247334
0.00019041
-8.81476e-05
0.000252602
-0.000351283
-0.000310254
0.000544002
5.85186e-05
0.00052363
-0.000151053
0.00014003
-9.16435e-05
0.000261977
0.000525203
0.000492136
0.000102675
-0.000208868
-0.00070718
-0.000303778
-0.000436112
5.60583e-05
0.000324644
0.00010829
-0.000253307
-0.000169945
-0.000350064
1.78951e-05
-0.000131485
-0.000233652
0.000237318
7.60476e-05
-0.000117384
0.000120738
-4.58433e-05
6.70891e-05
-4.01648e-05
0.000244222
0.000197449
-0.000166248
0.000250992
4.89048e-05
0.000276233
-0.000326481
-0.000357804
-0.000204775
-0.00010234
0.00010003
0.000332982
-6.52318e-06
0.000713166
-0.00032063
-0.000574435
0.000136285
0.000472965
8.65002e-05
-0.000502246
-0.000154709
-0.000211115
0.000738814
0.000378881
0.000404415
-0.000238104
0.000450106
7.08463e-05
-7.04278e-05
0.000148438
0.000454099
0.000157588
-0.00016575
-0.000455459
-0.000480028
0.000204416
0.000544638
-0.000447091
0.000145125
6.43181e-06
-0.00051944
0.000442293
0.000115574
0.00032393
-0.000292254
-8.38876e-05
0.000381953
-2.3633e-05
0.000108605
0.000255434
-0.000234664
0.000526795
-0.000158211
0.000184324
0.000116078
-0.000343792
-0.000251475
-0.000412915
-0.000269169
6.08153e-05
-0.000272627
0.000387751
0.000218455
-0.000386109
-6.82305e-05
-0.000169903
-8.85084e-05
7.87888e-05
-0.000372381
-5.6492e-05
-0.000365373
-0.000282897
-0.000130961
-7.70201e-05
-0.000186747
0.000272224
2.58122e-05
-5.28859e-05
-0.000121638
-3.3479e-05
0.000675539
6.46002e-05
0.000140289
0.000305182
0.000327557
0.000657816
-0.000412628
0.000320014
-3.7547e-06
-6.598e-05
4.94923e-05
-0.000307839
8.46337e-06
-9.16473e-05
-0.000133931
-3.33597e-05
-0.000638918
-0.000151502
0.000682536
0.000200247
-1.67047e-05
1.39221e-05
0.000350348
0.000167926
-0.000169205
0.000173963
-4.95654e-06
-0.000332333
-0.00035253
-0.000233131
4.43859e-05
-0.000245064
-0.000114444
-0.000126081
5.37264e-05
-4.30778e-05
-0.000191136
-0.000170021
0.000540955
-5.11173e-05
0.000177555
-5.58912e-05
0.000393064
-0.000339326
0.000295622
0.000477944
0.000108062
0.000217987
0.000400976
0.000244109
-1.95212e-05
0.000184385
-0.000163492
0.00035859
4.47452e-06
1.94283e-05
-3.13877e-05
-0.000207711
0.000153318
0.000135761
-0.000167057
0.000352676
0.000385128
-0.000446841
-0.000328887
0.000442943
-0.000185754
-0.000203519
-0.00022559
-0.000253205
0.000234687
-0.00017795
0.000216282
-3.95877e-05
5.57662e-05
-6.31044e-05
-4.53775e-05
0.00013077
0.000357018
-9.01432e-05
-0.00016727
-0.000263596
7.38751e-05
-0.000180269
0.000464778
0.000261411
0.000232828
0.000554737
0.000118661
0.000241481
-0.000345185
0.000140272
-2.42433e-05
-0.000106299
0.000475025
-0.000332485
-0.000505182
-0.000569646
0.000918644
-0.000382304
-0.000446946
6.55057e-05
0.000550375
-7.76858e-05
0.000158327
0.000289894
0.000228507
0.00022028
0.000382156
-0.000488818
-0.000131766
-0.000155927
-8.31812e-06
-0.000267766
0.000175639
-4.96847e-05
-0.000629089
0.000139883
-0.000301203
8.71477e-05
-0.000258686
0.000268511
-1.29255e-05
-0.000296143
-0.000214285
0.000103919
0.000198563
0.000549479
-0.000576733
0.000309354
-0.00013915
3.75433e-05
0.000567559
-9.68443e-05
0.000604604
-0.000136521
-0.000107979
7.1384e-05
0.00012323
-6.25233e-05
0.000338572
-0.000267095
7.78053e-05
-0.000150089
-1.26479e-05
-0.000272864
0.000203967
0.00034878
-0.000203192
0.000186718
0.000477968
-0.000312883
-0.000275448
-0.000194014
0.000531859
-1.47359e-05
4.86488e-05
0.000506176
-7.8984e-05
-0.000205891
0.000156897
-6.89734e-05
0.000720075
-3.26308e-05
0.000168679
-4.49225e-05
-0.000139969
1.18199e-05
-3.27344e-06
-9.58337e-05
0.000203548
0.000384314
0.000204225
0.000342966
-0.000432282
0.000310551
-0.000121566
-0.000404971
-7.65542e-05
0.000367774
-0.000166493
-3.53975e-06
2.80562e-05
-0.00030601
0.000605767
-0.00012147
-0.000470203
0.0007965
0.000298526
0.000193957
0.000746683
-0.000228234
-0.000766577
0.000463644
0.00039712
-4.59673e-06
-0.000163881
-0.000302265
-0.00100789
0.000477662
-6.57781e-05
-0.000106266
0.000146122
-0.000335362
0.000142226
-0.00019735
-0.000483485
0.000142724
-0.000284518
-0.0002284
-0.000191738
0.000640333
0.000675583
0.000317694
0.000149309
0.000103194
-0.000113819
-0.000159032
-2.0356e-05
0.000155072
0.000494887
-0.000353449
-0.000372159
-9.70784e-06
0.000517239
0.000133318
0.000489017
0.000505912
0.0001445
0.000369567
0.000139266
-0.000183458
-0.000405317
-0.000270046
0.000211306
0.000545385
0.000339553
0.000408739
-9.73387e-05
-8.13164e-05
0.000239781
-0.000361449
0.000105698
3.36928e-05
-0.000206559
0.000163389
3.96099e-05
-2.16702e-06
-0.000157408
-0.000386787
-0.00029054
-0.000408339
-2.76198e-06
0.000274628
0.00030268
4.57647e-05
0.000364679
-0.000151541
-0.000119328
-0.000212005
0.000459823
4.57054e-05
-0.00016069
-0.000605345
-0.000396195
0.000172837
0.000167542
0.000126056
-0.000265729
-3.05857e-05
0.000254791
5.4541e-05
0.00039883
-4.54877e-05
0.000197518
2.85824e-05
8.56354e-05
6.66649e-05
-0.000216215
0.000563928
9.79616e-05
0.000317392
-0.000160104
0.000369251
-0.000178385
0.000147774
-0.000478306
-0.000352015
0.000455613
0.000169503
3.72833e-05
-0.000309185
0.000518484
0.000384938
0.000445117
0.00010228
-0.000240555
-0.000312742
-0.000212929
6.60491e-05
0.000309202
8.55612e-05
0.000552983
0.000568985
0.000582124
0.000509031
-8.36251e-05
5.32987e-07
0.000235428
-5.74917e-05
2.88913e-05
-5.11868e-05
-0.000132086
0.000639709
-4.33351e-05
0.000536297
-0.000127468
4.6535e-05
8.2576e-05
-7.0825e-05
-0.000282798
0.000158312
0.000122068
0.000281714
0.000292748
-1.52945e-06
0.000268189
-0.000105944
0.000170608
-5.0398e-05
-0.000585549
0.000795095
0.000116934
0.000115007
0.000518378
-0.000406606
-0.000105585
0.000249334
0.000109035
-0.000200777
-4.64027e-06
-0.000483071
-7.78653e-05
7.22199e-05
0.000875399
0.000400412
-0.000327907
0.000438022
0.000220862
0.000269381
-9.84304e-05
0.000286127
0.000518119
-0.000322939
0.000472866
-4.66153e-05
-0.000139697
0.000163681
-0.0004112
0.000306651
-0.000317032
-0.000160115
-0.000272274
0.000203053
-0.000224395
-0.000177164
5.68543e-05
-0.0003732
-0.000498419
-0.000154126
0.000195884
-0.000280363
-9.7091e-05
-0.000351253
3.25354e-05
-0.000556995
0.000311167
0.000473433
0.000327281
0.000219462
0.000158449
0.000276479
-0.000425569
2.27558e-05
-0.000422758
-0.00018267
5.44518e-05
-1.26039e-06
0.000158468
0.000131692
-0.000167888
8.375e-05
-0.000206481
0.000179279
-0.000206294
0.000160778
0.000269233
0.000270956
-0.000189423
0.000147211
0.000401023
-0.000327029
0.000171475
8.18136e-05
-0.000474553
-0.000198904
0.000189739
-0.000650939
-9.76402e-06
-0.000398884
-0.000331848
0.000186578
-0.000103266
-0.000299572
-4.57217e-05
0.000219287
-0.000276611
-3.54989e-05
-5.98055e-05
-0.000180892
6.66275e-05
-0.000670508
-0.000955023
2.76054e-05
-0.000564915
-0.000432114
-0.000235138
-0.000215401
-0.000335663
0.000200715
0.000371639
-0.000428446
5.06792e-05
0.000396966
-0.000106473
9.56549e-05
-5.36639e-05
0.000317542
0.000413431
0.000125908
-0.000319228
-0.000257902
-0.000357012
-0.000438064
-0.000566185
0.000640453
0.000334525
-0.000298581
-4.7242e-05
-0.000484753
-6.54338e-05
0.000215014
-0.000221988
5.01936e-05
0.000184255
-4.37951e-05
-0.000166562
0.000212519
2.44058e-05
0.00063457
-0.000793455
-4.42293e-05
0.000582707
0.000236646
-0.00010546
0.000119334
3.46459e-05
0.000264542
0.000565287
-0.000304635
5.10419e-05
0.000157095
0.000203141
0.000153833
0.000385452
0.000122688
0.000241959
0.000595153
0.000143276
-0.000196332
-0.000566091
-0.000146106
-3.50898e-05
-0.00015835
3.21888e-05
0.000181308
-2.64626e-05
-0.000383334
-0.000129468
-2.80687e-05
4.8829e-05
3.32921e-07
0.000116385
0.0001863
-0.000236564
6.54405e-06
0.000219783
-0.000267281
-0.000257728
-0.000346644
-0.000458445
-0.000256364
0.000915237
0.000447537
0.000445168
-6.22488e-05
0.000160715
-0.000255251
1.25051e-05
-0.000405215
-0.000175444
-0.000174547
-0.000396355
-7.11966e-06
-0.000135906
-0.000772515
0.00030727
-1.32918e-05
-0.00044933
-1.95578e-05
-0.000488144
0.000302695
2.49455e-05
-0.000273608
0.000152096
3.84246e-05
-0.000267746
-0.000400577
0.000259991
0.000536788
5.12661e-05
-0.00024001
-2.08819e-05
-3.42738e-06
0.000287309
7.21184e-06
-0.000365848
0.000251134
4.35973e-05
0.000256536
-0.000246404
-0.000252806
-0.000712419
0.000115973
-8.58382e-05
-4.76495e-05
-0.00016885
0.000932534
-0.000636294
0.000499776
2.0639e-05
-6.04421e-05
-8.90608e-05
-0.000572586
0.00022197
0.000197362
0.000804673
-0.000195657
-0.000217413
2.15739e-05
0.00036551
0.000154018
0.000701666
-0.000590424
0.000599347
-0.000940835
-0.000664718
-0.000228749
-8.06333e-05
-0.000219921
0.000235034
-0.000401417
-4.36197e-05
0.000188058
0.000187901
-1.16515e-05
-0.000247734
-0.000146912
-0.000546562
-0.000302083
-0.000180016
-6.15943e-05
-0.000306938
-0.000489914
9.63486e-05
-8.15933e-05
0.000519785
0.000514857
-0.00058656
0.000189765
-0.000153717
-0.000191195
8.32034e-05
-0.00023602
0.000636752
0.000369059
4.76899e-05
0.000209119
-0.000274425
-0.000134638
-8.39109e-05
0.000199679
0.000178676
-0.000168623
-1.95565e-05
-0.000302585
-0.000661151
0.000237419
-0.000345241
-0.000235491
0.000467398
7.39549e-05
-7.67906e-05
-0.000102017
0.000226745
0.000110675
7.21551e-05
-0.000276655
-0.00058927
-0.000139673
0.000438253
-0.000242935
0.000401229
1.87658e-05
0.000400874
0.000110162
-5.28446e-05
-1.38161e-05
0.000539576
-0.000363801
0.000164126
9.24441e-05
0.000222498
-0.00028547
0.000112711
7.51366e-05
0.000420084
-3.56986e-05
9.44692e-05
-1.62951e-05
-0.000802997
0.000669516
-0.000661254
-0.000142562
0.000339097
0.000300251
-0.000363758
-0.000368514
-0.000336744
0.000250839
-0.000302144
0.00012288
-0.0002601
-0.000266929
-0.000394183
-6.88675e-06
-0.000409232
0.000572667
-6.30182e-05
-3.43063e-05
0.000781656
7.86845e-05
-0.000574393
0.000253916
-0.000195436
-0.000807999
-0.000342987
6.05691e-05
5.91921e-05
0.000454266
-0.000669629
-0.000135304
0.00027631
0.000323121
0.00042659
-5.91084e-05
7.55362e-06
-0.000191341
0.000105075
7.82432e-06
0.000139644
-0.000285678
-0.000283156
-0.00014787
0.000188514
-0.000417085
0.000308454
9.25839e-05
-0.000422678
-0.000488085
-0.000510141
-6.36842e-05
-7.2605e-05
0.000309433
0.000156885
5.11266e-05
0.000434192
0.000591191
8.20792e-05
1.53421e-05
0.000685052
-0.000367132
0.000301814
0.000151752
-0.000254001
-0.000284679
-0.000272801
0.000178194
0.000215128
0.000112308
0.00028444
0.000340353
-2.63987e-05
-3.96311e-05
0.000151925
0.000422746
-3.18158e-05
-0.000286996
-0.000102913
-0.00023752
-0.000214691
-0.000500012
-4.84606e-05
-0.000236228
-0.000136817
0.000367785
-6.70244e-05
-0.000478429
0.000122354
0.000130132
-0.000577959
0.000314462
1.30974e-06
0.000441053
-0.000295861
-0.000170745
-0.000245841
0.000278228
-0.000202301
-0.000185454
-0.000342169
0.00032274
0.000166899
-0.000361022
-0.000270201
3.88269e-05
0.00022445
0.000449388
-0.000225044
0.000218401
0.000306309
3.37255e-05
0.00030964
-2.4832e-05
0.000226075
-0.000204608
0.000556311
-0.000514996
0.000548693
0.000423539
5.54805e-05
-0.000462855
-0.000185534
-0.000429813
0.000302185
0.000159193
9.43589e-05
0.000253946
0.000715972
-4.36799e-05
0.000457848
-0.000277467
-0.000261074
0.000320992
-0.000565438
-2.6901e-05
0.000107917
-0.000229799
-0.000232377
-0.000140598
0.000310981
-2.27369e-05
0.000231598
1.22164e-05
5.5276e-06
0.000507948
0.000189226
-0.000362039
8.79471e-05
-0.000256615
-0.000163933
-4.27767e-05
0.000565989
-0.000475529
4.89804e-05
-0.000128721
-0.000324278
-0.000829153
0.000442587
-0.000363777
3.618e-05
0.000542462
5.79907e-05
-2.97931e-05
0.000212406
0.000243938
0.000357292
8.39918e-05
3.33939e-05
-0.000212158
0.000307402
0.000245986
0.000197095
4.9521e-05
-0.000303558
0.000106112
-3.22893e-05
-0.000372184
-7.18923e-05
-0.000221569
-0.000239227
-6.69469e-05
0.000255318
-7.19816e-05
-0.00022371
8.50721e-05
0.000299706
0.000189279
0.000150217
-0.000111913
-0.000480366
-0.000517688
-0.000489081
0.000585058
-0.00051535
-0.000287392
-0.000319987
0.00036597
-0.000523944
-9.65089e-05
-0.00014915
0.000467843
0.000287218
0.000220465
0.000311653
0.000129053
7.25921e-05
-0.000141109
-6.72395e-05
1.84938e-05
0.000459582
0.000394166
-0.00022942
7.6596e-06
-0.000112726
0.000179026
0.000325042
-0.000411414
-1.06452e-05
8.81728e-05
-0.000604867
-0.00067526
-0.000411217
-0.000352237
-0.000500398
0.000125221
0.000104991
-7.75288e-05
-9.35072e-05
0.000299966
0.00029423
-6.19487e-05
6.24327e-05
-0.000207863
-0.000544606
-9.87778e-05
-0.000344073
5.10708e-05
-0.000546934
-5.98664e-05
-0.000342362
-0.000326896
0.000182104
-0.000113366
-0.000177451
-0.000261668
6.43466e-05
9.49208e-05
0.00027722
4.00904e-05
-0.000138782
-4.57595e-05
-0.000123044
0.000123595
-9.43302e-05
0.000223324
7.39743e-05
-0.000224261
0.000271475
-0.000123264
-0.000209469
-5.60455e-06
-0.000162536
0.000333454
3.13325e-05
-3.9341e-06
0.000147238
0.000192651
7.34781e-05
-0.000383785
-3.41666e-05
1.49611e-06
0.000409735
-0.000124989
6.98307e-05
-0.000165056
-0.000389543
0.000456313
4.31682e-05
4.7003e-06
-8.22375e-06
-0.000161848
0.000221702
-0.000574379
-0.000380605
0.000135058
-0.000169081
-0.000546414
-7.80334e-05
0.000238399
-0.000144147
0.000105956
0.000182724
-0.000184862
5.64715e-05
-0.000186087
0.000221783
0.000164496
1.80539e-05
-0.000386543
-6.36146e-05
-0.000501071
-9.99623e-05
-0.000280391
0.000610743
-0.000319091
-0.00032654
-0.000205445
0.000109063
-3.67386e-05
0.000344919
-0.000183075
-3.41415e-06
0.000232433
6.40357e-05
-0.000385368
0.00016608
-0.000344938
-9.81384e-05
0.00090397
-0.00040572
-0.000186042
0.000262166
0.000166296
0.000557974
0.000117089
-0.000277819
-0.000117825
-0.000210111
0.0002065
-0.000495917
-0.00023636
-0.000206411
4.63532e-05
-2.98621e-05
-0.000150445
8.43332e-05
0.000105198
-0.000186691
-0.000274549
-0.000149444
8.94637e-05
4.13239e-05
-0.000462096
0.000108078
0.000441585
0.000523396
-0.000442403
-0.000536942
-6.54222e-05
0.000363827
7.35274e-05
-0.000354676
0.00033724
0.000441512
-0.000404114
0.000345164
-2.78508e-06
-0.000273689
-9.82569e-05
0.000121907
0.000428859
-0.000369528
5.23452e-05
0.000156516
0.000212729
-0.000617114
0.000251699
0.00037357
0.00030353
0.000278609
1.93281e-05
-0.000214049
0.000158454
0.000415265
-0.000552829
0.0002008
-9.83033e-05
0.000382337
-0.000429042
-0.000463092
0.000363366
1.91454e-06
-1.7348e-05
-0.000148468
-0.000324311
-0.00050659
-0.000177919
1.02164e-05
3.73418e-05
-0.000140556
0.000158503
-6.70061e-05
0.000169335
-2.59401e-05
4.54262e-05
-0.000148015
-0.000203537
-0.000539577
-0.000304412
-0.000534724
-0.000235249
0.000340753
0.000507721
6.0449e-05
8.99475e-05
0.000339976
9.37946e-06
1.67423e-05
0.000497766
0.000155554
-0.000502659
0.000196495
0.000111835
0.000180158
0.000156678
0.000708476
-0.000201608
0.000218859
-0.000361931
-0.000423533
7.78656e-05
-9.86152e-05
0.000282675
0.000219571
-0.00013768
-0.000171301
0.000246822
-0.000104337
1.90824e-05
0.000537198
0.000642589
-0.000757951
1.83308e-05
-0.000386403
-0.000103036
-0.000244608
0.000557368
-0.000303031
-0.000605601
-0.000307021
0.000314416
-0.000564381
0.000108872
-3.44946e-05
-0.000149624
-0.000362806
0.000186066
4.06962e-05
-4.6247e-05
0.000127999
0.000123896
7.48571e-06
0.000171597
3.24709e-05
-5.94476e-05
8.15025e-05
0.000127414
-0.000400297
-0.00039253
-0.000124765
0.000142705
0.000230886
-0.000278926
-3.12841e-05
4.51844e-06
0.000462889
0.000514881
5.32286e-05
0.000208208
0.000141454
-0.000103511
-0.000734571
7.23273e-05
-0.0002716
-0.000423973
0.000156258
0.000372411
-0.000480742
0.000129438
-0.000224457
-0.000552787
0.000629356
0.00060603
9.45851e-05
0.000169217
0.000175857
5.75664e-05
0.000319977
2.94642e-05
-0.000146518
-0.000351478
0.000128396
1.96326e-06
-0.00038678
2.08872e-05
-0.000524004
0.000414395
-0.000161387
0.00014384
-0.00030019
-0.000296541
-0.000186734
-5.05848e-05
-0.00022267
-0.000184262
0.000516317
0.000550449
0.000171876
8.59936e-05
-6.72253e-05
0.000242957
-0.000390375
5.00882e-05
-0.000418645
-5.47314e-05
3.2555e-05
-2.26142e-05
-0.000349731
-0.0001569
-0.000258137
0.000113838
0.000210908
-0.000426637
-8.38243e-06
0.000139356
-0.000611348
-8.83565e-06
-0.000191468
-0.000353761
0.000509021
0.000183915
0.000414935
-0.000423073
0.000261519
-0.000178098
4.32921e-05
-2.92366e-05
-0.000394126
-0.000360657
0.000251567
-8.12871e-05
-0.000120553
-0.000228801
-0.000165454
0.000169269
0.000246632
0.000355717
0.000294337
-0.000531967
-0.000271847
0.000728915
-1.21315e-05
-0.000379771
0.000242056
0.00033882
-0.000175458
0.000383563
0.000537726
0.000104581
-0.000165713
-0.000796828
-2.32009e-05
0.000240021
-0.000288557
0.00044611
-0.000299807
0.000260973
-0.000315777
-8.03428e-05
-0.000140808
-0.000399974
-0.000601866
-0.000151653
4.71868e-05
-0.000618928
0.000209761
0.000140201
-0.000477277
0.000255725
0.000165678
-0.000563975
0.00026138
-8.70806e-05
0.000176088
0.000219306
0.000300171
0.000676393
-0.000182462
-3.92088e-05
-0.000402571
0.000348748
-0.00044112
-0.000259208
0.000305017
-7.25477e-05
0.000142462
0.000185703
-0.000350824
-0.000130026
-5.31537e-05
0.000101862
-0.000176355
-0.000251121
-7.72058e-05
-0.000309761
1.50885e-05
0.000371832
9.33724e-05
0.000155001
2.21618e-05
0.000169438
-0.000116044
-0.000323562
-0.000191341
-0.000355408
0.000384786
0.000477875
0.000325526
0.000537909
-7.96292e-05
0.000317199
-0.000538458
0.000526088
0.000159389
0.000399843
0.000453458
-6.11443e-05
0.000518696
-0.000199074
6.52648e-05
0.000158847
-0.00079818
-0.000395121
-0.00069299
0.00106437
-0.000233154
-0.00037897
-0.000272415
7.84107e-05
0.000376895
-0.000851446
-0.00044053
8.38416e-05
0.000626538
0.00023872
9.46157e-06
-0.000548426
-8.89992e-05
3.4263e-05
-0.000315774
-0.000496506
6.45462e-07
-0.000256954
0.000128155
-0.000465914
1.76898e-05
6.52228e-05
-0.000540258
0.000421394
0.000355531
-0.000238944
-9.64474e-05
-0.000509839
-0.000101234
0.000252769
0.000188368
0.000587222
5.06009e-06
0.000493671
0.000313425
-0.000184731
0.000121918
-0.000216704
0.000163876
-0.000444065
-0.000274305
-0.000196913
7.0557e-05
0.000294121
4.51063e-05
0.000109012
-0.000418893
-0.000329818
-1.99914e-05
-0.000249336
0.000456004
9.83502e-05
0.000165765
0.000223609
8.90833e-05
9.07313e-06
0.000161885
6.43153e-05
-0.000303103
0.000221361
9.92072e-05
0.000220419
0.000275943
0.000920747
0.000877839
-0.000235969
-0.000601178
0.00050405
0.000584565
0.000643299
0.000474969
-0.000422863
-2.74374e-05
-0.000250356
0.000227405
0.000351114
0.000435806
4.11047e-05
0.000456364
0.000244135
0.000321146
0.000108623
8.75779e-05
-0.000159176
0.000390079
0.000349936
-0.000166897
2.98907e-05
-7.50916e-05
-5.44257e-05
0.000140001
-4.23715e-05
-6.52026e-05
-0.000118837
-0.00045098
-0.000959622
0.000236323
-0.000476905
-0.000227098
-0.000292097
-0.000161932
0.00022265
-9.40897e-05
0.000614371
-0.000106712
-0.000308264
0.000169053
-0.000181156
-9.05514e-05
-0.000420881
0.000154259
0.000450455
0.000672241
0.000293452
-8.66408e-05
0.000557233
-0.000304876
0.00015195
0.000268289
-0.000328381
8.43353e-05
-0.000483637
-0.000144302
-5.96639e-06
3.43134e-05
0.000500504
-0.000650211
-0.00060874
0.000557304
-0.000155661
0.000131576
0.000116665
0.000326895
-0.000525171
-0.000285517
0.000180954
7.45229e-05
-0.000183289
0.000143358
3.49093e-05
0.00080537
9.74911e-05
-0.000368149
-0.000179918
8.04065e-05
-0.000366824
0.00026482
-0.000186519
-0.000102808
0.000145694
0.000756803
-7.69384e-05
-0.000234547
-7.06238e-05
0.000232332
-0.000359785
0.000184702
-0.000347829
5.4938e-05
-0.000233613
2.88864e-05
7.03742e-05
-0.000136247
7.62546e-05
0.000279114
-3.55288e-05
-3.95837e-05
0.00042524
-0.000543092
0.000246543
0.000338266
6.35948e-05
-0.000469824
-5.68282e-05
0.000641493
-5.9668e-05
9.49835e-05
0.000185683
-0.000393879
7.452e-05
-6.86041e-05
0.000329709
-0.000110601
-0.00012556
-4.66888e-05
0.000151667
-0.000226268
-7.21188e-05
0.00010789
-0.00064297
-0.000415798
0.000142418
0.000124108
0.000286242
0.000347385
9.72118e-05
9.28246e-05
-0.000109141
0.000656754
-0.000335125
0.000298441
-0.00020159
-0.000310666
-0.000264032
0.000824601
-0.000125266
0.000505812
0.000108766
0.000100231
-0.000319907
-0.000168427
-0.000330472
5.39991e-05
0.000317497
-0.000355457
-1.21524e-05
0.000261726
-0.00017694
-0.000131992
0.000219512
-0.00037054
0.000158294
0.000322961
0.000591499
-0.000197721
-3.29014e-05
-6.19221e-05
-7.92024e-05
0.000238057
-9.45279e-05
-0.000102249
5.33549e-05
8.22271e-05
-0.000174188
-0.000312667
0.000618667
0.000341322
0.000296202
0.00040061
8.41596e-05
1.84983e-05
0.000143369
-0.000472821
-0.000181583
-0.000286779
-0.000251443
0.000592657
0.000162086
0.000516171
9.74096e-06
-5.13081e-05
-0.000141291
-0.000646662
0.000555811
-0.000177889
-0.000106544
-0.000246964
0.000206411
-0.000491846
8.07657e-05
3.04786e-05
0.000333466
0.000640901
-0.00019208
-0.000131129
0.000236638
0.000179416
-1.97708e-05
8.98703e-05
4.70588e-05
-4.03592e-06
0.000296242
3.9997e-05
-0.000828909
-3.52846e-05
-9.66848e-05
-1.04845e-05
0.000770662
-0.000139823
3.87513e-05
1.01812e-05
-0.000534725
0.000306313
0.00011409
0.000130787
8.92128e-05
0.000145245
-0.000309347
0.000499428
-0.00055278
-6.70185e-05
-0.000184884
8.72727e-05
0.000251291
0.000263992
-0.000348099
0.000586513
0.000161028
-0.000607673
0.000401289
-0.000313648
-3.26321e-05
-0.000243457
0.00019994
-0.000484452
-0.000224183
-0.000174927
0.000161674
0.000449516
-4.71889e-05
9.57933e-05
-0.000200373
-0.000167829
-0.000129181
5.02186e-05
6.00665e-05
0.00041405
-0.000268376
0.000304891
0.000297298
-0.000331448
-5.49956e-05
-0.000395749
0.000388045
0.000134294
0.000113656
-1.80022e-05
2.85353e-05
-0.000138816
-0.000277939
-0.000475363
0.000614395
0.000620958
-0.000314547
8.52297e-05
0.000392506
0.000164485
-0.000207517
-2.85846e-05
-0.000392258
0.000376837
0.000101218
8.9799e-05
0.000328752
-1.38888e-05
0.00010918
0.00023077
-0.000287199
-0.000250871
-0.000864999
0.000121026
0.000221222
-8.68917e-05
-0.000225613
0.000157457
-5.62599e-05
-0.000658781
0.000967037
5.578e-05
-0.000190891
-0.000595111
0.000286382
-9.30449e-05
-5.98695e-05
-0.000414885
0.000505804
-1.75899e-05
0.000134704
0.00028801
-0.000337169
-0.000184153
0.000125587
-0.000777793
0.000149403
0.000159179
0.000185077
0.000111535
-0.000315752
0.00030637
-0.000713734
-1.18944e-05
-0.000317488
-8.05178e-05
0.000626339
-0.000375973
3.81416e-07
0.000381484
-0.00012422
6.3454e-05
0.000235084
0.000475785
0.000112327
3.78797e-05
0.000791602
-0.000182999
0.000275011
0.000100151
-0.000293413
-0.000248772
-0.000210998
-5.38705e-05
-5.22391e-05
-5.36691e-05
0.00015639
0.000319157
0.000161452
-0.000112109
4.37788e-05
0.00028883
0.000195711
-1.84691e-06
-0.000457812
-0.00045047
-0.000184106
1.04231e-05
-6.82142e-05
0.000288448
-1.04234e-05
0.000299402
-9.62776e-05
-4.73394e-05
6.11334e-05
0.000324509
0.000224958
-0.000456953
0.000186295
-3.04682e-05
-0.000366616
-0.000246803
-2.73164e-05
-8.99029e-05
0.000160287
0.000217458
0.000326275
-0.00039434
9.65696e-05
-5.92101e-05
9.64803e-07
0.000775185
0.000643696
-0.000145543
3.91775e-05
0.000130077
0.000179155
0.000453447
0.000128195
-0.000281668
-0.000159129
0.000262157
0.000334866
0.000182723
0.000248059
2.78386e-05
-0.000424521
0.00033418
0.000409433
1.9941e-05
0.000320585
-0.000191549
0.000277363
6.98102e-05
5.49341e-05
-0.000529978
-0.000683762
-6.87584e-05
-6.84568e-05
-0.00015861
-9.36372e-05
-0.00035266
-9.46184e-05
0.000354259
0.000389305
-0.000464714
0.000237725
-0.000176844
-8.76495e-05
-3.89921e-05
0.000160714
-0.0002295
0.000638468
-0.000306155
-9.38699e-05
-0.000105309
-0.000517885
-0.000284884
-0.000152464
-0.000123924
0.000782188
-0.000294305
0.000468587
0.000189448
-0.000145533
-0.000208143
7.81961e-05
0.000439393
-7.9052e-05
-0.00028292
0.000229295
-0.000548489
0.000941707
-0.00027335
4.12731e-05
0.000674011
0.000172019
0.000237516
0.000115724
0.000312505
0.000282941
0.000187201
-1.18808e-05
1.36755e-05
-0.000117102
-0.000525628
-0.000117947
-0.000559466
-0.000243554
-0.000293311
0.000379002
7.83682e-06
-0.000277529
-0.000395028
-0.000214241
0.000132077
-0.000613444
-0.000261671
-2.32812e-05
-0.000122372
-0.000261497
4.41348e-05
-0.00028862
0.000434086
-0.000137537
0.000244269
0.000149207
6.96745e-05
-0.000235074
0.000446221
0.000100624
0.000423542
0.000137549
0.000339792
-0.000282272
-0.000236079
-8.05633e-05
-3.54821e-05
-0.000134959
-0.000334135
-0.000200812
-7.73374e-05
-0.000226119
-5.17642e-05
0.000294656
-0.000246761
0.000166507
-0.000399018
0.000401909
0.000653274
-5.06733e-05
-0.000106639
0.000101129
0.000361648
-0.000286049
-0.000282018
2.54011e-05
-0.000228977
-4.90804e-05
-0.000181213
0.000336498
-7.00149e-05
0.000138042
-4.75329e-05
-0.000339695
7.06792e-05
-0.000387556
-1.65921e-05
0.000156995
-0.000488847
-0.000121344
-0.000175305
0.000695685
2.2459e-05
6.78671e-05
-0.000296468
-0.000283084
4.25704e-05
0.000349785
7.28902e-05
-6.31938e-05
-0.000304771
-0.000164633
-0.000255866
-0.000396845
-6.16846e-05
0.000175839
6.07376e-06
2.05231e-06
-1.9924e-05
-0.000136356
5.16478e-05
0.000468308
0.000611531
0.000199018
0.000109576
-0.000183041
0.000446606
2.55269e-05
-9.99699e-05
-0.000704744
-0.000538892
0.000211128
0.000160521
-0.000293205
0.000549063
0.000357492
0.000347472
-0.000215057
-8.10639e-05
0.000210908
0.000100382
0.000515794
6.92041e-05
-0.000582104
0.000128634
0.000342575
0.000205108
-0.000371517
1.83955e-05
0.000258926
6.09223e-05
0.000375873
-1.01704e-05
2.12166e-05
0.000467068
0.000458058
0.000158894
6.74375e-05
0.000452484
0.000625381
0.000143786
0.000167812
9.62187e-05
9.64647e-05
-1.89897e-05
0.000224331
0.000506064
0.000464412
0.000202686
-0.000295363
2.50106e-05
-0.00037561
-8.58882e-05
-0.000405347
-3.12827e-05
0.000192458
4.58138e-05
0.000210637
0.000398935
0.000248562
5.77373e-05
-0.000476978
0.000220252
-0.000147704
2.44574e-05
0.000475635
-0.000204951
-9.8483e-05
-0.000388929
-0.000310578
-0.000112635
0.000119126
-0.000129876
-0.000228744
0.000376834
0.000202881
-0.000360192
0.000269976
-5.47627e-05
-0.000173564
0.000258713
-0.000384486
0.000105411
-0.000118883
0.000260498
-7.3402e-05
0.000499116
-3.91138e-05
-0.000339929
-0.000281359
-0.00036032
0.000217236
-0.000283803
-0.000195052
-0.000323161
-0.000413058
-5.12103e-05
0.000153446
0.000321384
-0.00060224
0.000225133
-0.000419855
-0.000356235
0.00020235
0.000372958
-0.000445625
-0.000302657
-0.000299709
0.000612482
9.78249e-05
-0.000668489
0.000118942
-6.42838e-05
-6.47146e-05
-0.000780793
1.02979e-05
-0.000434668
0.000205444
1.67842e-05
0.000367808
0.000480209
-0.00063545
8.08484e-05
-0.000223723
0.000609877
6.5679e-05
0.000623806
-0.000121701
0.000120267
0.000597647
0.000369055
-0.000234643
-0.000154575
-0.000325362
-0.00030364
0.000264027
-0.000289618
-0.00019322
-0.000287261
0.000158058
-0.000345227
-0.000245367
0.000426533
-0.000176618
-3.90433e-05
-0.000309467
-0.000197446
0.000600687
0.000216887
-5.69169e-05
0.000416957
8.91649e-05
0.000646508
0.000506359
0.000479243
0.000328593
0.000200192
-0.000673774
-7.23772e-05
-0.000416477
-0.000297348
0.000283064
0.000401685
-9.94512e-05
0.000435149
0.000506703
-0.000276787
0.000132523
0.000137002
0.000135133
0.000484455
0.00022241
8.77087e-05
-0.000162822
-0.000651466
-0.000113723
0.000137464
0.000127448
2.72672e-05
0.000178678
0.000306871
0.000141352
-8.02521e-05
-0.000424326
-0.000355544
0.000109466
0.000711709
0.000337755
0.000255428
-0.000245114
-0.000242862
0.000951141
7.44817e-05
0.000336282
6.28203e-05
-0.00022083
0.000262494
-0.000426177
0.000142228
0.000316227
0.000209345
-0.000157715
6.78286e-05
-4.91421e-05
0.000727775
-0.000623254
-7.47165e-05
-0.000302793
0.000649444
-0.000180387
-0.000238781
-0.000224145
-0.000193289
8.63685e-05
0.000209169
0.000239738
-0.00038319
0.000192357
-9.05027e-05
0.000253104
-0.000129482
0.000180978
3.01109e-05
-5.52498e-05
-0.000164572
-0.000351688
0.000126446
0.000189003
0.00028922
0.000858645
0.00031826
-6.49029e-05
0.000145464
-4.76292e-05
-4.54665e-05
0.00047931
0.000187713
-3.58218e-08
0.000569487
0.000349972
-3.5265e-05
-1.50104e-05
0.000246329
0.000494826
-4.45617e-05
-0.000166198
6.62415e-05
-3.75323e-05
0.000106245
-0.000356181
-0.000275151
0.000556522
-0.000121156
-0.0007725
-1.65229e-05
-0.000499812
-0.000141623
-0.000102724
-0.000173372
0.000335824
0.000488634
0.00029905
0.000401254
-0.000299755
-0.000252412
-0.000389989
-2.32521e-05
-0.000221609
0.000140421
-0.000577765
0.000153508
8.69218e-06
0.000294589
-0.00043033
-0.000150157
0.000814183
-0.000384369
-0.00010512
-0.000520596
-0.000286537
0.000143983
-0.000127939
-0.000135359
-0.000253954
-0.000377427
3.9108e-05
-0.000128462
8.52856e-05
0.000775293
-0.000380847
0.000119387
0.000442694
0.000443123
0.000402106
0.000190147
0.000109686
-0.000142934
0.000141208
-5.4712e-05
-0.000608019
0.000197978
-0.000325644
-3.14259e-05
-0.000417533
-5.847e-05
-0.000184839
-0.000256652
-0.000145912
0.000277759
0.000357548
0.000130028
-4.96545e-05
-8.00869e-05
0.000689242
-0.000655157
4.24872e-05
0.000635548
-0.000419036
0.000217085
-7.63249e-05
-2.08528e-05
0.000297771
0.000365717
5.4847e-06
0.000188789
-5.804e-05
3.23411e-05
8.87766e-06
9.08584e-05
0.000162344
-3.76917e-05
0.000475581
-0.000408374
-0.000203166
0.000253797
0.000166335
0.000109418
-6.83214e-05
0.000599775
0.000142671
0.000252593
-0.00105596
-0.000357569
-0.000614347
5.17955e-05
8.25575e-05
6.88335e-06
0.000398916
0.000337443
-5.59816e-05
-0.000379331
0.000384175
-0.000213611
-5.42731e-05
0.000398187
-0.000153264
0.000150924
-5.94084e-05
2.56819e-05
-0.000311595
-0.000182708
-9.39215e-05
-0.00118582
0.000361901
-0.000815704
0.000107257
-8.47074e-05
-0.000871538
0.000165024
0.000544065
0.000194276
0.000679472
-0.00019863
-0.000419049
0.000158664
0.000173166
-2.92057e-05
0.000222298
7.25816e-06
0.000212063
-0.000233445
0.000123051
-2.25929e-05
3.97021e-05
-0.0002654
0.000334231
-0.000124309
-1.11937e-05
0.000305146
-0.000576264
-0.000633688
0.000452381
6.84866e-06
-2.55704e-05
0.000342354
0.000222168
0.000203395
0.000124838
-4.35463e-05
0.000159625
-9.41483e-05
-0.000455992
6.50366e-05
-0.000188946
0.000112299
0.000360193
0.000719715
0.000206619
0.000580051
0.000210665
4.39965e-05
-2.59579e-05
0.000327611
4.08307e-05
0.000215219
0.000252461
5.6725e-05
0.000102309
-0.000413734
0.000171687
0.000485249
0.000431068
0.000456589
0.000598628
5.05812e-06
0.000250149
0.000384694
-0.000481862
-7.22289e-05
0.000183301
0.000461561
4.63426e-05
0.000111381
6.61132e-06
0.000409128
-0.000176252
-0.000384869
0.000225093
9.53189e-05
0.000224678
0.00022595
-0.000206092
-0.00075982
0.00020433
0.000265336
0.000577658
-0.000840032
-0.000175545
-0.00032475
-0.000112953
-0.00042229
-2.98162e-05
-0.000126821
0.000264903
0.00014431
-0.000143408
0.000138887
0.000223781
0.000264256
0.000562314
0.000614118
0.000466918
-0.000524003
0.000115644
-4.10034e-05
1.85158e-05
-0.000157085
0.000156482
2.20143e-05
-0.000275635
-0.000110317
-0.000104573
-0.000538561
-0.00032814
0.000393001
9.81489e-05
-9.59931e-05
0.000195472
5.80474e-05
-4.96375e-05
-0.000612067
-0.000396376
-0.000289126
0.000155528
-0.000145386
0.000278892
-8.35804e-05
0.000288822
-0.000233385
0.000219249
0.000567911
-0.000103656
4.52902e-05
-0.000774329
-0.000103958
0.000462942
0.000504814
0.000120934
-9.9607e-05
0.000411585
0.000112439
-0.000235418
-0.000445374
-0.000484968
0.000319282
-5.35438e-05
0.00018963
0.000226923
7.63589e-06
0.000195207
-0.000107616
-0.00026879
0.000333542
-0.000454765
0.00036979
-0.000295936
0.00015914
1.07865e-05
0.000159549
-0.000427308
2.64126e-05
0.000312494
1.06514e-05
-0.00062062
-1.09815e-05
0.000416566
-3.34497e-05
-0.000521317
-0.000156048
-0.00017595
-0.000350099
0.000247186
-0.000946572
6.6334e-05
-0.000174125
-2.23399e-05
0.000201109
-0.000269164
-0.000234461
-0.000257367
0.000222224
0.00020847
0.000445156
0.00011419
0.000177494
7.96313e-06
9.70756e-05
0.000577791
-0.000113324
-0.000396353
0.000134983
0.000178022
0.000177324
-0.000298309
0.000157625
0.000679068
-0.000312594
-3.74292e-05
5.21314e-05
-0.000554225
0.000126005
0.000580068
-0.000230128
0.000549879
4.79898e-05
-0.000200808
0.000314458
-0.000278039
-6.44344e-05
0.00021488
-0.000255977
-0.000678697
-0.000419547
0.000373753
0.000192051
9.46705e-05
-0.000189084
-0.000134608
0.000273682
-0.000372976
0.000260887
-0.000209656
-4.88767e-05
-0.000156829
-0.000381657
-0.000537723
-0.000186453
-0.000167501
0.000225613
0.000275348
8.35263e-05
-4.60334e-05
-0.000103967
-0.000475043
-7.55512e-05
-0.000254918
0.000203475
-0.00022591
0.000332038
7.04794e-05
-0.000519959
0.000131719
0.00029178
-0.00013446
-0.000322341
-0.000175096
-8.5581e-05
-0.00019547
0.000181279
-0.000544497
0.000367366
-0.000487382
-0.000251126
-0.000265085
-0.000263443
8.77494e-05
-0.000157282
0.000360353
-0.000244522
-1.20072e-05
0.000145843
-1.32934e-05
7.72423e-05
-0.000314654
0.00038803
9.67403e-06
0.000546045
0.000565267
-0.000347274
0.00027197
-0.00042812
-0.000401405
0.000141671
0.000544851
-0.000189755
-0.000386967
-0.000305976
0.000104365
0.000395957
0.000486087
-0.000357087
-0.000120016
0.000215619
0.000144004
-0.000112221
-9.71781e-05
0.00052362
7.83793e-05
-0.000162632
0.000215514
0.000349211
2.69221e-05
0.000528258
0.000512146
5.7759e-05
0.000247741
0.000226394
-0.000390636
-0.000228197
-0.00012259
-0.000331029
0.000170793
-0.000255788
0.000536162
0.000253844
-4.6806e-05
0.000126132
-9.09898e-05
7.92822e-05
0.000180629
-5.141e-05
0.000339191
6.97195e-05
-5.65592e-05
0.000101417
-9.68024e-05
-0.000726218
0.000247613
0.000217271
-0.000433569
-0.000240945
1.50212e-05
-0.000372875
-0.000538263
-0.000130353
-0.00015724
0.000206534
0.000102783
0.000384223
0.00028388
-2.5496e-05
0.000413458
-0.000121092
0.00019251
-0.000361773
-0.000221943
0.000154986
3.80491e-05
-0.000282306
0.000189233
-0.000574552
0.000673183
-0.000517703
0.000148944
-0.00024722
0.000632128
0.000128332
-8.09266e-07
1.76579e-05
2.02434e-05
5.3033e-05
0.000452655
-0.000315313
0.000614148
-0.000241803
0.000213528
-0.000134312
0.000323362
0.000341943
4.7261e-05
5.56024e-05
-5.20057e-05
-0.000544879
0.000500798
-0.000191377
-1.21623e-05
-5.87326e-05
-0.000564339
1.73359e-05
-0.000432539
-0.000175552
0.000213212
-0.000710737
-5.95337e-05
0.000208213
-0.000551874
-0.000515862
-0.00031716
0.00030991
-0.000545961
0.000517903
0.000265268
0.000267697
0.000282281
-0.000135873
7.96777e-05
-0.000618131
-0.000616483
0.000459105
0.000545857
-3.52695e-05
-4.50233e-05
-7.19882e-05
-7.41877e-05
-0.000151215
0.000398917
-0.000196535
0.000280751
-3.14901e-05
0.000307747
0.000337718
-4.3906e-05
-0.00010655
-0.000116833
-0.000155536
-0.000249428
-0.000101511
-3.30828e-05
-0.000285764
-0.000306225
0.000113896
0.000154667
0.000357723
0.000148107
-0.000117625
-6.16425e-05
0.00017319
0.000546456
-0.000494517
-0.000247049
2.74657e-07
-0.000114238
-0.000423441
1.58488e-06
7.67708e-05
0.000139682
0.000217959
0.000272462
-1.52465e-06
6.30532e-05
-0.000602345
-8.48357e-05
0.000159803
-7.2065e-05
0.000146626
9.52073e-05
0.000183204
0.00032439
-7.4521e-05
0.000308196
-0.000352613
0.000423407
-2.87264e-05
-2.75555e-05
-0.000275534
-5.42772e-05
-4.43212e-05
-0.000506888
3.95455e-05
-2.73271e-05
5.16447e-05
-0.000200381
-0.000358904
0.000535167
0.000246741
0.000548036
-0.000223745
-0.000278012
1.39028e-05
-0.000229468
-0.000362428
-6.94606e-05
-0.000410848
0.000162164
0.000156967
-0.000180898
0.000462192
-0.000193189
9.75044e-05
-1.35624e-06
0.000374607
5.43018e-07
-0.000278074
-9.90127e-05
2.82803e-05
-0.00053071
0.000474287
-0.000245194
-0.000718646
-0.000427576
-0.000418027
-0.00025414
0.0001706
7.1328e-05
-0.000184742
-0.000340775
-0.000185044
-0.000161408
-0.000742983
4.12101e-05
