0.000388014
0.0013724
-0.00263314
-0.00296459
0.00131668
-0.00165293
3.42226e-05
-0.000338482
-0.000309048
-0.000924366
-0.000773824
0.00172539
0.000158497
0.00254528
-0.000854549
0.000103906
-0.000373976
0.00231403
0.002897
0.00151791
-0.00196578
0.00109936
0.000525168
-0.000397489
-0.000735961
4.91116e-05
0.00274327
-0.00124867
0.00484649
0.00108097
0.00235546
4.90666e-05
0.000631979
-0.00092127
0.000667868
-0.000440357
0.000714332
0.000778778
0.000381509
0.00331928
-0.00141626
-0.00382855
-0.00119663
0.000271297
-0.00166532
0.00182889
0.00266585
0.000676661
-0.00151356
-0.00106021
0.000846328
0.000338291
0.00262852
-0.00111115
0.00146959
0.0010896
-0.0016025
0.00115279
0.000531118
0.00400327
0.000642428
0.000739628
0.00251703
-0.00109527
-0.000247862
0.0022849
-0.00291782
-0.000348921
0.00138649
-0.000911795
-0.00109766
-0.000898509
-0.00309335
0.00111021
0.000546978
0.000532052
-0.00108922
-0.00101677
0.00294118
-0.00205611
-0.00053598
0.00180735
-0.000799235
-0.00291232
0.000227411
-0.00210746
-0.00146137
-0.000395202
0.000216523
-0.00127849
-0.000627287
0.0013108
-0.00191968
0.00181133
-0.0012408
0.00319332
0.00226638
0.00022799
0.00122933
0.00235148
0.000753012
-0.0021787
-0.00115017
0.00258741
0.00290662
-0.00049156
-0.00212868
-8.18104e-05
-0.00168592
-0.000965538
0.00084619
0.00194532
-0.000593087
-0.000751144
0.000275403
-0.00114445
-0.0012015
-4.85255e-05
-0.00179098
0.00210016
0.000952764
-0.000784528
0.00171847
-0.00204699
0.00253135
0.0034102
0.00229845
-0.00368391
-0.000608468
0.00253082
-0.00107794
-0.000757504
-0.00160639
-0.00012924
-0.000329984
-0.00371689
0.00162001
0.00247942
-0.00163545
-0.00210199
-0.000569277
-0.000850284
0.000644941
0.001506
-0.0015278
-0.000877345
-0.00038041
-0.000280582
-0.000830515
-0.000692829
-0.00222019
0.00153572
0.000503973
0.00237455
0.000782603
0.000986422
-0.00230572
0.000565935
-0.00255868
-0.000149619
0.000915544
0.000837793
0.00156322
0.00155266
-0.00137158
-0.00184175
-0.00113452
-0.000564626
-0.000332079
0.00183255
0.00419752
-0.00119454
-0.000919974
-0.00111047
-0.00107789
-0.000189744
0.000224279
0.00314022
0.000815552
-0.00130179
-0.00124981
-0.00185192
-0.000420973
0.000422545
-0.000375811
0.00204633
-0.00145322
-0.0001492
0.000142341
0.000134929
0.00326341
0.000888254
-0.000925336
-0.000945099
0.00105561
-0.000411734
-0.00294617
0.00101175
-0.000202772
-0.00122611
-0.00118805
0.000485226
0.00204801
0.000161971
0.00119713
0.00050184
0.000332409
0.00166184
-0.000633233
-0.000100665
-0.00228247
0.000282992
-9.47867e-05
-0.000940568
0.00268878
0.00250467
0.000612518
0.001139
-0.00133484
0.000522104
0.000422118
0.00167967
-0.00141827
0.000667504
0.00133231
-0.000507522
0.000815706
0.000525998
-0.00178046
0.00271218
-0.00121782
0.000486294
0.000599906
-0.00365752
-0.00386824
-0.000280604
-0.00135169
0.000488184
0.00140144
-0.00194133
0.000937332
-0.000913093
-0.000173157
-0.00342068
0.00167156
-0.000977129
-0.000483794
-0.00124167
-0.001084
-0.00255462
2.75987e-05
0.00152333
-0.00356575
-0.00125543
0.00113233
-0.00300992
-0.000972771
0.000975189
0.000430571
-0.000433001
0.00150392
-0.00137676
0.000145581
-3.80101e-05
0.000149607
0.000535981
-0.00213962
-0.00261071
0.00144191
-0.000584305
0.00343635
-5.89908e-05
-0.000751303
0.00156391
0.000970428
3.91426e-05
-0.000309062
0.00153005
-0.00010332
0.00103692
0.000901633
0.00019437
-0.000297371
0.00119252
0.000327375
0.000672128
0.000716742
0.002895
-0.000901763
0.00214857
-0.000523075
-0.000294543
0.000940075
-0.000640083
-0.000521297
-0.00125366
0.000523401
-0.00169002
0.0012301
-0.00121462
0.000167854
-0.00236758
-0.00152603
-0.000432631
-0.000115965
-0.00050528
-0.00116665
-0.00123805
0.00166897
0.00160299
-0.00174301
0.000330056
-0.000305841
-0.00191658
0.000235434
0.000827237
0.00203681
-0.000549911
5.74871e-06
-8.19637e-05
0.00200733
0.00101732
-0.0021722
0.000142484
-0.00162795
-0.00275606
0.00149531
-0.000321518
0.00138495
0.00209243
3.08797e-05
-0.000666748
0.000789179
0.00122919
-0.00157154
-0.00218395
0.00184349
-0.000471668
-0.000623739
0.00183318
0.00374122
0.00209736
-0.00456796
0.000545208
0.000387381
-0.00195203
0.00302404
0.00162726
0.000284524
-0.00374729
0.000812101
0.000250888
-0.0016033
0.000867848
-0.00303386
-0.00151287
2.63161e-06
0.00188943
0.00279142
-0.000601715
-0.000789207
0.000389981
-0.000995303
0.0038831
0.00107346
-0.00148207
-0.000361165
-0.00110264
0.00166968
0.00197216
-0.00187846
0.000794619
0.00207229
0.00105838
0.00168186
-0.0014741
-0.00074036
0.000812983
-0.00281471
0.00367422
-0.00103582
-0.00200998
-0.000362187
-0.000324764
-0.000544248
-0.000328089
0.00162071
0.000433498
0.00197131
-2.6599e-05
0.00082021
-0.00175389
0.00048462
0.00149128
0.00069281
0.0015386
-0.000336075
-0.000539165
-0.000771362
0.000458036
0.000894165
-0.000882836
-0.00276713
0.00111279
-0.000128471
0.00220122
0.00102696
0.000416884
-0.000528688
0.00412864
-0.000541083
0.000111353
0.00145577
-0.00062742
0.00207874
-0.000621078
0.000299399
-0.000505823
-0.000303199
9.47558e-05
0.00179119
-0.00210217
-0.00044768
-0.00175511
0.0023564
0.00163888
0.000394843
-0.000135485
0.00174496
0.000723799
-0.00404529
-0.000590509
-0.00104326
3.22841e-05
0.00115739
-0.000641169
-0.00290375
-0.00169796
-0.000877067
0.00134162
0.000668853
-0.000293179
0.00100843
-0.00445597
0.000316237
-0.000149537
-0.00175643
0.000171999
0.000925608
-0.00288101
0.00148586
-0.000203712
0.000204103
-0.000918543
0.000696737
0.000942715
-0.000316263
0.000335602
-0.00262432
0.000532768
0.00252804
0.000150929
-0.000303438
-0.000483905
0.000261407
-0.00168358
-0.00140925
-0.00203494
-0.000852889
-0.00232492
-0.0022021
-0.00142212
-0.00204835
-0.0026966
0.000443206
0.000852683
0.00126372
-0.000713865
-0.000412696
0.00145504
0.00124216
0.000553452
0.000191063
0.00225929
0.000250099
-0.000356657
0.000556788
0.000815838
-0.000515261
0.00173293
0.00228003
0.000446348
-0.00078965
0.00082785
0.000308085
7.89747e-06
-0.00235041
-0.000280386
0.000797717
0.00190493
0.00230512
0.0034153
-0.00170183
-0.000171401
-0.00143957
-0.00320185
0.000119039
0.00113637
0.000312238
0.00209934
-0.002904
-4.95704e-05
0.000751177
0.00217428
0.000232032
-0.00458704
-0.000379886
0.000120754
-0.00137391
0.00207642
0.00122488
0.00477875
0.00136845
0.000113097
0.00270694
0.00214491
-0.00029243
-0.000258123
0.000760164
-0.00142388
-0.00125505
0.00064318
0.000756785
0.000646866
0.00149074
0.000577156
-0.000336349
-0.00039815
0.00111138
0.000479649
-0.00119391
-3.71479e-05
0.000148821
0.000252741
-0.000986654
-0.000648512
0.000897501
-4.39153e-05
0.00107579
0.00334166
6.61496e-07
0.00171971
0.000425321
0.00105501
-0.00189495
-0.00348819
-0.000162904
0.00162623
-0.000684768
-0.00292771
-0.00153255
0.000692538
0.000354904
0.000543078
-0.00281814
0.00277466
0.000539518
-0.000705212
0.0019765
-0.00320221
0.000208848
-0.00192303
-0.000366126
-4.72441e-05
0.000757716
-0.000888678
-0.00138064
0.00406032
-0.000693349
-8.80078e-05
-0.000296979
-0.00130133
0.000456308
-0.000561053
-0.00267187
-0.00150528
-0.00170163
-0.00107484
0.000905954
-0.00128492
-0.00421646
0.00139033
-0.00166413
-0.00415207
-0.0025194
-0.00330418
0.0023495
0.00394544
-0.000429229
-0.00013957
0.0033024
-0.000389794
0.000909236
0.000977618
-0.00306882
0.00220774
-0.000611354
-0.00113205
-0.00432952
-0.00223487
-0.00109616
-0.000570979
-0.00274525
-0.00242187
-0.000325283
0.00257258
-0.00340334
0.00140239
-0.00288454
0.00238047
0.00194118
0.00109283
0.000290591
-0.00128276
0.000182773
0.00100748
-0.00141035
-0.00101126
0.000871995
-0.00142799
-0.00214056
-0.00105211
0.000610987
-0.000734
-0.00167284
0.000107039
-0.000451706
-0.0014548
0.00104421
-0.000569494
-0.00129757
-0.000594896
-0.000650795
0.00188809
0.000876753
0.000261893
0.00201464
-0.0011248
-0.00166481
-0.00242043
-0.0018122
-0.000141786
0.00199451
0.000120361
0.00111529
0.00111735
-0.000210204
-0.00286542
0.000953686
-0.00307362
7.46569e-05
-0.000827076
0.000191409
-0.00103326
0.000275354
0.00039837
0.000700666
0.00191858
0.00193594
-0.00157915
0.00245238
0.00298213
0.0016811
-0.00138777
-0.000426951
-0.000344615
-7.89182e-05
0.000514611
-0.00148452
-0.00029674
0.000784763
0.00158083
0.00103482
0.000517269
-0.00215257
4.47853e-05
-0.000626701
-0.000827221
-0.00144125
-0.000560641
-0.00129514
-0.00123756
0.000892469
7.12694e-05
-0.0015637
0.000425719
0.00155783
-2.81672e-05
-0.00283012
0.000415951
0.00141862
-0.000327005
-0.0010063
0.00134249
-0.00271177
-0.00423769
-7.90578e-06
-0.00067458
-0.00259259
-0.00138139
-0.00160257
-0.000678965
0.000893751
-0.000349347
-0.00221331
0.00080022
-0.00173686
0.000503814
-0.0016522
0.000853199
-0.000445899
-0.000701524
-0.00282015
0.00150037
0.00182654
-0.000810245
0.00209885
0.00173982
-0.00268137
0.0020481
0.000852475
0.00185174
-0.000349289
-0.000618997
-0.000647466
0.00270589
-0.00096119
0.000851831
0.00172527
-0.000451255
-0.00115623
-0.000774249
0.000482916
-0.00160996
0.000945354
0.00022514
0.00133938
-0.000214449
0.000253223
-0.00350424
0.00271185
0.00157188
0.00118157
-0.000621168
-0.00273642
0.00021192
-0.00145073
0.000301065
0.00200701
-0.000635133
-0.00185652
0.000279856
-0.00186222
0.00132295
-0.00159132
0.00183696
-0.00118118
0.00051787
0.000713277
-0.00230372
-0.000789935
-0.000136322
4.76879e-06
-0.0013829
0.000126957
0.00109224
0.00192709
0.00102415
-0.00162406
-0.00035439
-0.0035666
-0.00266073
-0.000876819
0.00184475
0.00281903
-0.00256623
-0.000368586
0.00118021
0.00157349
0.00087899
0.0012962
0.00133917
0.000319988
-0.00111505
0.00148208
-0.00187682
0.00156555
-2.14009e-05
-0.000894135
7.28125e-05
